2.70362,2.04967,18.71115
7.02504,7.77863,43.92743
5.53515,5.04956,32.87695
9.99648,7.27539,48.73350
9.33908,9.07020,52.83895
1.99865,5.59290,27.29520
2.65603,3.59229,23.03526
4.45148,8.85001,41.99904
1.80147,1.67061,16.04441
1.13445,1.57458,14.37326
8.97033,1.41431,29.13977
2.15675,6.55901,30.98670
5.16483,3.23313,27.25507
5.43224,5.07937,33.27793
8.87150,9.99972,55.10595
5.31828,8.69697,43.49176
8.18102,2.22086,29.62969
4.61077,2.66617,24.33140
1.64549,1.88903,15.88852
1.28573,3.90739,21.25617
9.02794,4.57942,38.56010
3.04114,1.10049,16.06025
7.84129,5.50833,39.07511
8.33385,7.34493,45.26803
7.75291,5.71835,39.32657
8.54117,4.12181,35.97133
2.00445,9.17324,38.74533
3.63316,6.95428,34.64035
4.36495,5.98030,33.50824
9.45942,7.08134,47.59423
4.61839,2.62889,24.35800
1.95087,9.38620,39.52471
6.27055,1.68180,24.49944
6.66471,8.03193,44.22312
7.54512,2.77540,30.67788
4.69199,1.57142,21.08389
5.77780,8.68993,44.29314
5.76285,2.04659,24.65661
9.11881,4.52663,39.21072
5.00854,5.17067,32.27468
9.78451,8.33013,51.29006
7.45252,3.23176,31.23641
6.08025,2.09296,25.54181
2.39483,5.24661,27.80012
3.66187,6.86834,35.22395
1.65640,3.24812,19.98092
2.07776,2.54854,19.10427
1.74345,1.85265,16.39846
8.64600,6.89039,45.04383
2.68628,1.81610,17.34787
2.23787,2.66634,19.08644
7.27179,8.68314,47.14238
8.12713,2.51246,31.05498
7.72323,1.20239,26.34076
1.61904,9.88444,39.76599
2.78978,3.05652,21.56208
4.22974,8.78883,41.74417
3.02425,4.47800,26.98189
1.45424,5.95259,27.35761
4.73078,1.75218,21.29605
9.75476,1.40365,31.13106
1.42584,5.64681,27.06225
6.01575,6.90153,39.87357
4.51940,3.07621,24.95970
4.59812,2.57896,23.69351
7.53163,7.74236,45.08981
6.83850,2.50203,27.86353
6.65010,7.52286,42.60458
2.80881,5.64928,29.30235
5.13493,6.61453,36.85875
8.29311,6.60573,43.65401
6.83594,4.17765,33.04438
5.60999,6.40421,37.46362
3.20196,6.82281,33.41853
5.61484,1.67751,23.34108
2.83708,4.67206,27.08335
8.56390,4.84177,38.43932
8.45356,5.94640,41.32428
1.34852,2.56494,17.29881
8.46683,9.10959,51.35013
2.10734,9.57257,40.08597
5.49844,3.05070,26.84427
4.09534,8.48006,40.78338
8.78019,9.72910,53.46480
9.90736,9.84303,56.82417
3.07414,7.86147,36.69574
7.81676,8.50300,48.60777
5.69894,1.05769,21.13969
7.57484,3.38467,32.34676
5.00013,7.36629,38.64562
7.49886,3.19005,31.32982
1.74109,5.23138,26.45959
3.09759,6.01988,31.54812
7.93590,3.18750,31.97117
3.84945,2.58039,22.75570
5.02989,6.91827,37.70349
5.82074,3.30428,28.96538
2.70705,6.68900,32.19323
4.86453,5.92167,34.18980
6.07822,7.65173,42.49419
6.18514,7.01052,40.25729
2.26012,7.36572,33.77339
6.17000,5.16399,35.03264
9.64520,2.69119,34.22082
8.09770,9.28108,51.44065
2.52563,3.72417,23.49073
7.02697,1.95083,27.26038
9.19431,9.38174,53.15625
1.09244,1.11405,12.07536
8.83558,6.42248,44.41055
5.48488,2.38995,25.35759
4.70849,6.84342,37.14345
1.72458,6.68064,30.26056
9.45656,6.65549,45.80653
2.09868,6.14092,29.39650
6.92693,6.98140,41.92650
4.64621,9.82811,46.16450
6.88791,7.01019,42.27297
2.86507,8.91582,39.63406
7.54074,9.24612,49.91307
9.48502,2.72312,34.02430
4.23518,9.09647,42.61123
2.72416,5.89893,30.59423
6.44718,2.97153,28.48770
4.76684,9.82272,45.98774
3.61922,6.41526,33.14792
6.57619,2.23736,26.94749
9.51085,6.91450,46.86855
8.11399,6.56776,42.67310
8.33954,8.42739,49.12707
6.40888,6.68770,40.34691
8.85493,4.43240,37.98232
4.46547,7.95393,40.07603
8.46066,9.32718,51.50138
1.98146,6.61088,30.92049
8.36831,7.85222,47.15841
3.84964,3.12755,24.27685
7.81328,5.83407,40.34232
4.40248,5.45961,32.28452
1.63858,3.57427,20.74086
3.38558,7.49041,35.82387
8.12778,3.90494,34.76073
2.78016,1.47023,16.85457
2.25940,9.94976,41.01924
2.41841,4.42972,24.65703
5.59412,1.32502,22.60269
9.95142,8.05871,51.51676
1.11647,6.79056,29.34103
4.06214,1.88261,20.35415
3.37272,2.91353,22.53297
6.18430,5.86734,37.33281
8.00892,7.29214,44.39734
3.42537,7.25781,35.72007
8.67921,8.57880,49.78870
4.27082,5.44643,31.60385
9.59177,1.19915,30.08092
1.56585,4.84351,24.90662
8.01556,5.23561,38.58406
7.03590,3.50342,31.45059
1.12479,7.18168,30.96220
8.79510,2.52998,31.98770
7.32869,2.73975,30.33878
6.43122,3.43612,30.02839
1.35255,1.61025,14.35850
1.84894,7.56377,33.84616
3.63625,6.08288,32.77467
6.99959,7.43931,43.08853
6.33442,2.84642,28.63481
3.33632,1.19698,17.66078
7.68046,4.52917,35.78948
8.11848,5.89635,41.02016
4.54814,4.97191,30.58128
2.52829,3.00497,20.89729
1.24085,2.66239,17.37878
3.75509,6.04334,32.45902
2.36818,5.25992,27.58112
1.50148,1.81489,15.45668
6.42867,8.53547,45.56919
3.61833,6.20489,33.00049
1.20105,8.47505,34.54278
3.49889,6.62609,33.73372
9.95813,3.48210,37.64924
2.66023,6.05275,30.92982
7.48461,5.42418,38.21995
2.56478,8.75217,38.01622
9.22796,5.44733,42.02438
5.39781,9.17384,44.91107
2.50166,1.59930,16.74883
7.61972,5.77261,39.33289
5.71322,9.25098,46.34763
5.06454,8.32852,42.36587
9.09770,4.14766,37.17085
2.08817,2.91045,20.32458
5.76446,7.28686,40.12931
5.80445,5.72228,35.61160
9.64373,6.29517,44.78999
4.47132,3.86012,27.47185
5.13037,7.58490,40.14983
3.35169,5.80912,31.18530
2.34756,7.62341,34.48217
3.34119,6.82138,33.78000
5.94678,6.20773,37.53808
5.52410,8.18192,42.82126
4.33402,8.62425,41.64268
3.35554,2.88948,22.65657
6.01180,4.89643,33.30542
4.04665,6.05917,33.74338
8.06888,3.45326,33.25593
1.12927,7.06288,30.27594
8.41855,6.30606,42.32492
8.56609,4.54100,37.71243
7.64536,2.18647,29.04537
9.12304,6.57780,44.99176
9.16630,6.40447,44.31048
9.02181,3.12663,34.39482
5.35828,2.09452,24.01906
3.03701,9.11828,40.70693
1.13779,7.17615,30.49780
9.95336,5.15310,42.62491
2.60683,7.84444,35.60017
2.36905,3.72354,22.44745
9.92231,4.04694,39.11251
3.69781,7.41938,36.23017
7.59835,9.52012,50.54489
7.13151,7.25535,43.52163
7.07441,7.45444,43.23698
5.62855,9.68350,47.55045
5.42308,2.07706,23.73543
2.25377,5.26807,27.76207
8.25199,2.50509,31.32418
2.15753,4.30297,24.47348
5.51635,7.66767,40.97498
9.43926,9.13565,53.49947
3.01658,5.18117,28.62915
4.77280,4.40389,29.92805
4.24465,4.84639,29.59082
5.06819,9.49146,45.82440
3.65818,9.53296,42.49998
3.04391,5.92870,30.47950
7.58724,9.68128,51.17230
7.97475,5.00954,37.65798
2.44304,2.14845,18.17343
1.52351,3.95301,21.44886
9.64468,8.91887,52.90486
7.34819,1.44914,25.82189
3.64383,4.90301,28.62653
4.25114,8.35948,40.60158
7.60056,1.79208,27.51620
4.75865,2.04249,22.63627
1.77415,6.54429,30.54913
9.02630,9.59827,53.54858
2.35897,2.15177,18.31093
8.39141,8.58822,49.07464
5.37157,4.64542,31.99456
3.57532,7.14762,35.49969
6.53908,9.73896,48.90755
3.11881,7.25290,35.26413
5.03214,8.67382,43.53914
1.19703,5.45729,25.41131
3.26034,6.33781,32.74976
9.12674,7.88426,48.57650
5.97604,6.09074,37.58944
3.63927,1.31403,18.28896
1.68345,4.74991,24.44558
9.79629,8.07147,51.09991
4.92877,9.72464,45.58785
4.23564,8.41258,40.46835
3.99163,8.12600,39.47427
7.27409,2.92010,29.88522
8.69104,6.76477,44.59071
2.62584,1.03251,15.72221
8.59767,5.63103,41.28641
3.30753,1.97012,19.31968
6.94949,9.39170,48.59304
7.11100,8.47439,46.61570
9.94118,9.96929,57.06929
5.35227,1.64872,22.18402
3.05105,6.93640,33.41201
3.83330,5.05390,29.34718
2.74655,1.39013,16.18272
9.00682,5.03195,40.44709
7.78485,9.32390,50.58483
8.72600,9.19955,52.05824
5.88811,5.69157,36.11670
6.78113,5.84093,38.32477
8.07010,9.24440,50.82879
4.44214,7.89456,39.14214
6.64361,8.95267,47.20067
7.33835,4.20060,34.62100
4.17809,7.25807,36.81233
8.44035,3.82663,35.82592
1.51387,8.25912,34.41506
8.10181,8.99712,50.14061
9.72830,2.53167,33.80304
1.69161,8.71836,36.18537
5.67172,2.28575,25.18881
8.44120,7.33042,46.23487
7.78014,8.48117,48.23292
9.25257,9.85024,54.98319
2.17785,6.49370,31.18917
2.49387,2.14435,18.15286
4.29835,3.62992,26.68575
6.37775,3.85938,31.23324
5.51869,1.68013,22.83335
1.30534,8.68751,36.12592
6.74140,4.45926,33.49240
8.23298,1.24398,27.43092
6.44903,4.76446,34.56299
9.05338,2.06626,31.17040
2.84529,9.53400,41.61690
1.79277,7.35810,32.67961
2.29393,7.57724,33.86990
7.59785,4.21997,35.14224
3.20650,1.57851,18.40151
1.04033,7.67587,31.99988
7.08215,6.90592,42.17987
4.16664,5.36858,31.66321
3.78395,2.87176,23.08710
4.39779,4.66066,30.00131
6.43013,2.81115,28.54097
1.46061,1.59713,14.61445
2.74907,1.24354,15.77511
8.57872,1.30460,28.01876
4.29256,7.92663,39.28880
2.07195,5.48875,27.69358
1.48053,5.69733,27.48971
6.25698,2.78191,27.60102
7.58747,4.43909,35.02267
9.98554,2.63260,34.93144
5.36360,7.67455,41.12178
5.12684,4.89712,32.31814
3.54914,5.78392,31.24140
8.85095,5.91061,42.36691
3.52099,3.33819,24.41752
3.16559,9.81311,43.22360
3.18645,5.94415,31.05632
5.58266,9.25890,46.18323
7.69202,1.79451,27.43885
2.99759,1.78312,18.58576
7.90114,7.76396,45.60778
1.55375,2.42719,17.33483
9.14949,3.00535,34.46375
3.00974,9.79274,42.21194
7.27634,2.97401,30.73204
9.53513,9.25837,53.83193
1.50710,3.55227,20.54843
5.44750,5.55286,34.67418
7.06971,3.90408,33.03356
2.52130,4.41988,24.87717
2.06147,3.04069,20.67917
9.81255,4.04058,38.46900
4.78195,6.44089,35.65427
6.67429,8.36054,45.36666
4.05170,3.73557,26.72547
5.54093,4.60429,31.96707
8.66480,8.79154,50.82200
9.42684,2.07514,32.14069
5.33213,7.89125,40.95049
7.38281,3.87309,33.77306
2.26778,8.04301,35.48864
5.70520,1.80612,23.91886
8.67918,5.12776,39.45083
6.22950,4.90976,34.33858
6.50207,8.61951,45.68453
5.85594,7.62722,42.07065
4.43104,9.65736,45.16410
6.80208,4.00779,32.63248
1.13964,6.96225,29.92276
9.10845,9.69559,53.82325
8.95234,9.84521,54.37841
3.26643,2.83312,22.08129
4.72315,5.40122,32.30545
2.08513,1.89730,16.59822
2.91260,3.06719,21.65886
8.04984,5.19474,38.45841
3.56607,8.70923,40.11762
1.83646,3.54807,20.94931
5.82513,4.83056,33.51908
5.39045,7.60773,40.98473
2.35079,2.38522,19.17675
5.38454,7.40317,40.29367
3.61538,8.66819,39.94642
7.18370,5.74556,38.15543
4.69611,2.50973,23.47079
4.31203,6.58686,35.82539
9.91772,5.51871,43.16956
6.08732,9.60711,47.60659
8.75048,4.66388,38.97425
9.92159,8.04010,50.87361
3.10536,7.76007,36.42123
6.32541,3.90243,30.96108
1.10153,2.72165,17.17683
1.92431,3.48071,20.89821
4.58261,5.81294,33.86029
7.62208,9.46826,50.97054
5.39255,6.27920,36.17160
7.92040,2.42839,30.37493
4.62087,8.47400,41.22162
3.78677,6.58734,34.01405
7.94859,9.26945,51.11275
9.29665,9.98116,55.47401
5.80149,6.37731,37.83234
8.65328,1.89806,29.68717
9.28549,2.35045,32.61957
3.06445,3.65626,23.83615
6.77279,7.51409,42.70533
6.12415,7.16216,40.53540
1.70996,5.11246,25.28534
1.08448,1.27253,13.28403
8.36986,6.28141,42.98143
4.22188,6.22228,33.77886
1.64848,4.64517,24.29721
4.76027,6.60959,36.39643
7.49319,1.92585,27.45205
1.87295,7.49938,33.23766
5.66465,3.41949,28.87161
4.30092,6.93895,36.91214
6.83515,8.25154,45.21218
1.36622,4.51213,23.40011
9.14081,2.73336,33.35906
2.06503,7.86300,35.11576
8.64987,7.33250,46.59942
7.00891,9.83389,50.49503
2.47419,3.92786,24.06752
1.20470,1.11896,13.15860
3.47032,4.46753,27.54410
1.19967,8.16857,33.66668
2.18949,7.23727,32.74312
5.47037,6.59767,37.47564
3.53250,5.82237,31.90066
5.78274,6.73175,38.84539
7.93181,1.37876,26.70381
8.85953,8.96795,51.98580
3.16782,8.73852,39.98027
5.61493,8.94595,44.89173
9.64876,3.37361,36.91684
3.60233,6.41850,33.02510
5.15117,7.12107,38.27312
8.93683,8.48482,50.27133
4.03987,5.54335,31.44978
3.28145,2.98861,22.15666
1.91616,6.07554,28.88346
7.48807,3.42491,32.14823
8.38695,8.40299,48.57814
2.37236,1.45798,16.00965
8.87799,1.25175,28.62929
6.43114,8.17592,44.47222
3.94272,7.13238,36.56623
6.18156,3.60140,29.73209
7.85578,8.96992,50.05400
3.30132,9.65325,42.09162
4.48695,8.37912,41.54152
7.88818,9.37247,50.82670
2.57972,8.92744,39.40942
5.85549,9.76025,47.77746
6.34675,5.12880,34.65166
5.38476,6.69765,37.42278
3.74585,3.75369,25.53965
4.80792,6.45171,36.30944
9.66922,2.59017,34.55135
8.36028,6.19428,42.76549
8.74088,3.56527,35.54527
4.72890,3.73798,27.79414
6.15769,2.84404,28.25083
5.30985,6.52376,36.74657
9.32232,1.90793,31.47847
6.33752,5.87551,36.80519
2.42909,6.52620,31.57074
4.99559,4.56004,30.25310
5.86963,3.76046,30.09207
1.92473,7.95214,35.03798
6.38885,9.84274,49.26741
7.07434,8.95093,47.82572
1.63049,8.31381,35.36230
2.61479,3.81792,23.19565
6.14627,2.34940,25.94684
9.40258,1.92286,31.55458
3.56841,7.52206,37.15989
3.57621,7.67967,36.92795
2.55940,7.81801,35.12313
6.51234,1.12661,23.70899
7.97439,4.79605,37.18218
8.11068,6.14966,41.58782
2.54085,5.57666,28.66532
5.69843,1.38250,22.95418
8.23257,7.89164,47.59501
6.27705,1.05745,22.47298
6.92295,5.09086,35.65908
9.38290,8.16288,50.35009
8.86330,7.94058,48.70940
8.57085,2.09717,30.37427
6.82951,4.21400,33.40432
6.31266,7.75819,42.40513
3.33566,4.95275,28.63495
8.65854,4.98973,39.67876
5.02094,2.32195,23.60907
6.35843,8.33624,44.57215
3.43625,2.15860,20.52039
3.36301,2.84567,22.31838
6.30924,2.10092,26.29591
2.80535,2.39725,19.83734
6.21866,2.70532,27.92678
1.52439,7.16427,31.74455
6.28015,3.68742,30.79542
7.23100,4.39220,34.50158
9.06749,5.27338,41.24697
2.29981,7.74173,34.44258
7.63588,8.47036,47.64830
2.06885,5.30016,26.68752
1.21603,7.55855,32.25442
5.20152,8.89016,44.49491
4.41631,6.17838,34.66438
8.20452,2.29689,30.25729
7.33182,6.21688,40.11678
5.24042,5.64188,34.17446
6.43533,5.68411,37.30655
2.91742,6.21307,31.62218
9.12608,3.60727,36.54712
9.10098,6.80942,45.25122
8.81644,6.35284,43.19773
1.17937,8.93192,36.47385
6.43603,9.64036,48.37390
4.51811,1.93210,21.78866
6.38631,1.22096,23.91979
1.60094,6.49615,29.74629
5.97842,8.06917,43.57331
6.99630,3.46206,31.84219
4.94456,1.06764,19.73189
6.34449,9.22242,47.02934
3.75694,9.54570,43.46951
4.93528,2.14278,23.29987
6.49785,2.26148,26.83820
9.10864,3.44313,35.83799
3.59677,4.11303,26.39583
7.39323,4.24792,34.13164
6.42423,1.46871,23.89000
9.43146,1.33359,29.56006
3.45618,5.73091,30.66980
7.66147,7.87778,46.08599
7.16226,5.31810,37.32744
8.90208,7.82720,48.17803
1.33754,7.32284,31.96931
1.27690,5.06876,25.22710
3.71867,6.94854,34.84900
5.49758,7.29137,40.15243
4.40954,8.16527,39.97158
8.57894,2.53420,31.69467
6.38777,4.70431,34.27224
1.56020,7.13228,31.15877
6.07547,9.99890,48.88194
9.41597,2.33677,33.06110
1.62806,1.24400,14.28340
4.36991,4.91242,30.92269
4.43906,7.65261,38.60207
9.45535,2.26933,32.95012
2.38007,6.54230,31.65419
1.92650,6.67479,30.63876
7.20300,6.16845,39.79959
5.78075,4.58922,32.24475
4.85703,3.39422,26.89898
3.91264,1.08064,17.76220
6.18258,7.18679,40.51388
4.73720,1.78249,21.71760
5.33883,5.06362,32.66742
2.86498,7.62693,36.10922
7.37714,6.92316,42.67474
2.12292,5.77095,28.82258
3.21055,3.46174,23.56202
8.58390,8.08560,48.10948
8.01167,7.72389,45.93320
8.71519,9.80521,53.70740
3.71658,8.39784,40.04431
9.65722,6.43293,46.09277
1.86560,5.43137,26.67137
4.08473,1.51416,19.59186
9.55414,6.31617,45.30331
4.99991,7.84199,40.57983
4.85963,4.33686,29.76101
8.70105,4.03638,36.30496
1.15283,4.57051,22.71713
7.95633,9.87214,52.28458
5.72605,7.57991,41.68752
2.20478,4.31846,24.20702
4.92604,6.82430,37.03099
1.87360,1.57745,15.08191
2.38609,4.34617,24.74629
1.18448,6.49803,28.66441
1.67080,7.36176,32.18723
8.33860,6.83776,43.70170
8.28066,7.20491,44.95980
6.70601,9.55447,49.08310
1.70349,3.46850,21.28079
5.77771,1.10773,21.45082
9.65278,7.41086,48.03870
6.27958,4.06801,31.39124
3.75948,8.53300,40.30104
4.89888,2.74808,24.85792
9.18968,7.94597,48.92371
5.70946,8.60488,43.83593
5.50799,5.92501,36.18744
8.41986,2.07062,29.95088
7.08984,4.25430,33.63756
8.03690,9.03335,50.52475
8.92492,3.60399,35.44759
6.09056,4.20033,31.75762
9.95688,1.20868,30.92685
7.51062,3.02740,31.04669
9.39567,2.97321,35.08516
2.29253,4.50238,25.21716
2.32665,8.02411,36.02030
2.09600,6.99863,32.19298
3.83374,2.34796,21.51227
2.76361,8.42024,37.98639
4.71582,7.61411,39.42749
1.03010,7.37127,31.59703
5.41236,8.11277,42.15841
1.64521,3.52308,21.07613
3.30495,7.38809,35.58917
6.47184,9.61184,48.98051
8.03695,3.72402,34.62651
7.31463,2.97731,31.00657
6.24101,4.58379,33.43928
4.53763,8.52882,41.34603
6.10758,6.05001,37.69809
8.35221,6.91776,44.22452
4.70274,9.39310,44.26322
9.18836,1.85125,31.05047
2.15586,6.26459,30.02762
1.42383,8.56495,35.63847
7.44151,7.18596,43.17195
5.16199,9.91578,47.06566
6.13152,4.11470,31.19215
9.71132,4.77568,41.08885
8.63811,4.56349,38.44674
6.22884,9.09707,47.05459
4.13995,6.15169,33.50220
9.13493,7.73782,48.21990
7.62939,4.70568,36.42286
7.76312,3.45854,33.05513
5.67991,7.32074,40.60149
3.27445,6.54564,33.11602
5.13305,3.77798,28.45532
8.63576,9.01651,51.42147
6.02198,5.14149,34.62472
8.72131,3.67901,35.82667
2.80670,6.58848,32.72476
9.05719,8.56905,51.11508
8.23680,3.21378,33.44433
9.45725,8.09709,50.42277
5.63431,1.77844,23.68795
5.32068,1.30520,21.44931
3.46849,1.69456,19.23636
3.49051,9.83423,43.97244
8.18155,1.32738,27.25602
5.58671,2.56813,26.14477
8.91403,5.13799,40.20291
4.19288,3.33004,25.56733
7.14633,6.06709,39.50126
3.51093,6.46749,33.45335
5.88893,2.96203,28.04247
3.60163,1.82874,19.25328
3.40957,4.97277,29.05373
4.51753,5.23752,31.26010
2.00475,2.61573,19.32885
6.17052,9.08877,46.33177
6.28967,9.10789,46.53280
6.31650,7.30456,42.01738
4.05149,5.12504,30.32703
3.80492,5.52397,30.68458
3.49561,9.29659,41.92994
2.59427,4.44251,25.69896
7.98195,9.03174,49.58817
2.92399,4.94956,27.83965
6.84704,8.12971,45.37445
2.64596,6.98041,32.92479
6.66087,4.02052,32.72450
4.68430,8.18600,40.50349
4.85315,5.83314,34.30848
7.80856,7.78624,45.93491
9.67910,6.11536,45.13888
1.70792,4.81361,24.47781
5.43270,1.28390,22.04663
6.68462,4.13883,33.16986
8.99374,6.86565,45.33674
5.22773,7.22972,39.58590
6.96995,2.17104,27.26324
4.10043,1.33571,19.59640
8.83994,3.86913,36.54368
7.84530,1.93157,28.81886
9.16474,5.62802,42.51404
1.73666,3.92742,22.30823
4.26017,9.17810,43.04496
1.36860,6.32519,29.08964
2.49584,3.60766,22.93481
3.28390,5.78291,30.99762
1.70128,6.43444,29.34507
4.72631,3.70190,27.91478
1.63195,7.56509,33.19984
8.55926,8.30299,49.41415
9.94462,8.62599,52.44770
6.02263,4.70792,32.98856
9.82898,9.87329,55.99160
3.24751,4.39485,26.30413
2.54642,2.35061,19.33028
4.96388,2.49002,24.02962
9.66112,1.73601,31.22534
8.81970,9.55432,53.18552
3.28563,7.38095,35.39302
1.93537,8.09403,35.14271
7.67828,6.47603,42.26385
2.07557,9.13144,38.33234
4.14920,9.85223,45.28296
1.16764,6.13922,27.63320
4.73962,3.41254,26.41771
8.73494,6.46282,44.08812
3.59163,3.11511,23.10799
1.71891,4.36976,23.23070
5.93732,5.97512,37.03144
6.42047,1.05687,23.34113
9.83651,5.62240,44.01506
7.00759,8.26968,45.79808
4.00269,5.10731,30.01103
1.36311,8.98839,36.95376
2.88543,3.53531,23.75692
3.58685,3.62458,25.15758
1.72621,3.55897,21.47594
2.57204,5.94926,29.68758
7.24165,2.57376,28.87665
9.68111,7.36893,48.32807
8.63599,9.97123,54.50208
3.08204,5.85828,30.45228
3.53192,9.91910,44.06564
6.44836,2.56675,27.83314
8.14090,5.80904,40.50826
7.60204,9.94025,51.85906
2.89905,4.69222,27.02458
3.70563,2.24834,20.76642
7.68491,3.69591,33.53516
2.92956,1.55981,17.66253
6.03198,5.72917,36.45709
6.93779,1.07131,23.75310
5.22825,5.85280,35.01496
5.42151,6.16712,36.33833
2.23763,1.27091,14.84161
1.28474,7.34734,31.84942
9.19110,6.03204,43.78852
4.97743,8.50543,42.73154
4.24979,8.59726,41.40157
4.57694,6.81604,36.56864
3.90527,6.02064,32.56925
3.24339,7.92909,37.43274
1.20536,7.85863,33.22763
5.45971,6.13827,36.11898
6.50153,8.21444,44.73248
3.62387,9.25404,42.27840
4.74019,1.13743,20.09730
9.79061,4.50750,39.83851
5.62721,1.22961,21.63420
9.63604,8.32149,50.83077
6.45436,3.98258,32.02809
9.30476,2.70987,33.63048
8.53066,6.82690,44.88427
4.91971,8.52166,42.12438
3.99586,6.43941,33.89914
3.18514,5.44610,29.41355
9.14401,7.55945,47.88404
2.21127,1.94563,17.10258
7.63852,3.57248,32.72914
2.81026,5.81486,30.32482
2.07458,4.98497,26.23054
5.45355,1.99940,24.31487
7.53111,4.50847,35.81827
5.68283,3.06097,27.33027
3.70012,9.45354,43.01781
3.42771,1.95453,19.92226
1.38763,3.76245,21.14075
9.67184,2.41712,33.67497
5.45043,1.81398,23.21545
1.61210,2.91575,18.66879
6.72277,5.12355,35.31755
1.52504,8.07428,34.60592
8.91332,6.33454,44.09242
1.17449,7.52008,32.23468
3.17001,9.37102,41.01879
6.45897,8.36461,44.86870
5.41413,6.17904,36.78762
9.16903,1.88604,31.26670
1.78367,3.23224,20.21394
8.38512,8.66582,49.28599
7.62560,7.58946,44.56395
7.98072,4.54233,36.26777
1.70934,5.88971,27.69632
4.66366,3.81234,28.12422
8.50083,7.25957,45.32796
9.89180,8.78869,52.73090
3.28215,5.03383,28.86974
3.04738,8.33446,37.84545
9.34838,6.67718,45.48837
1.28553,3.05477,19.06451
4.28554,5.36299,31.83328
6.16651,6.43507,38.24188
3.83198,7.23661,36.05874
6.51658,2.57188,27.87225
9.00904,1.27879,28.97768
5.78624,2.51180,26.09328
6.14025,8.45234,44.16844
6.66637,4.34578,33.24976
1.08538,5.04266,24.02419
7.24195,9.07553,48.21230
7.31912,2.62455,29.52302
6.34701,7.76613,43.31553
1.09027,9.53767,37.82155
4.89318,9.09297,43.64018
9.84727,9.79734,56.26405
7.52836,7.72554,44.89541
3.87750,6.69707,35.18426
5.96342,1.76361,24.42775
7.37943,1.60317,27.03646
9.54910,3.50698,36.66084
5.86322,6.93157,39.15438
4.90611,1.68190,21.42172
9.83592,9.48298,55.42394
6.04912,2.40633,25.87258
4.05114,4.66551,29.16847
2.26772,7.16521,32.65061
9.22527,8.83391,52.02088
3.83593,1.91100,20.70572
6.41113,2.67607,28.26854
4.33657,9.89830,45.40457
6.48107,9.41248,48.01563
2.30922,4.39795,24.98864
2.69758,7.80889,36.29458
2.56582,4.17261,24.38377
2.30367,5.01042,26.28016
5.91162,5.43647,35.16019
8.07635,4.96524,37.87564
2.98162,4.02950,24.59497
9.69781,1.11463,29.52085
3.27281,9.45865,42.42080
8.29014,9.49790,51.57450
6.01155,9.45778,46.99556
1.06461,5.22690,24.33283
4.45441,6.96072,37.06560
7.06209,3.82776,32.71861
9.37250,7.60307,48.48362
9.92038,1.32903,30.57656
3.82120,2.37523,22.23230
8.05910,8.28691,47.99726
8.21110,4.94903,38.18669
5.72635,1.35821,22.18319
3.27841,3.08233,23.05908
8.33732,3.64232,34.30042
6.05518,7.63666,41.70462
7.02278,2.92415,30.21350
1.27957,7.46500,31.93753
6.17909,3.44231,29.21926
3.27818,8.47560,38.60484
6.74793,3.76504,32.06246
1.12338,6.88896,29.82186
4.64961,9.08634,43.51473
4.69046,5.91286,33.95590
3.58602,5.80059,32.05364
6.39391,6.26203,38.10398
3.75754,7.94753,38.09646
4.82978,3.57549,27.14704
7.11056,1.82395,26.58932
4.62142,6.48918,35.33196
2.29536,1.97875,17.81985
8.51239,6.21541,42.83327
7.27806,5.11262,36.80646
1.61670,7.18258,32.14720
4.66386,3.85698,27.47637
4.48622,4.43546,29.69072
7.99806,9.33425,51.40550
2.11373,1.36593,15.80370
2.48981,6.67006,31.90896
6.78870,1.33881,24.96761
7.57506,8.43318,47.11761
5.35658,1.07441,20.49209
3.83720,6.92846,35.68438
5.21161,7.10763,38.49500
5.62980,5.00445,32.80909
3.83086,4.44616,27.72892
6.43314,2.82420,27.97059
9.10221,3.29211,35.49360
8.70749,7.05140,45.84224
4.99754,2.97601,26.33946
7.46362,8.54417,47.99360
1.90472,3.33476,20.39089
8.30656,1.25880,27.07831
6.62880,7.56168,43.14838
8.51826,5.26533,39.89291
6.77071,9.11521,48.25860
4.05818,4.82002,29.16298
5.57685,6.66069,38.15933
2.50139,6.31276,31.23135
5.05687,1.40539,21.66920
9.36621,1.94317,31.55348
3.02260,7.46945,35.14047
2.13509,9.23800,38.96689
9.94723,2.76882,35.58171
6.84597,2.90511,29.13371
8.97875,9.85555,54.50337
4.45200,7.09465,37.61909
7.01513,1.70313,25.64052
6.22234,7.72123,42.27020
5.25300,9.86273,47.38632
1.09415,7.47098,32.08722
2.41953,2.68762,20.14682
6.58027,5.51934,36.69958
8.63889,4.99571,39.41098
4.27164,9.23549,42.75996
7.90788,6.57426,42.74695
7.27221,6.80297,41.68870
5.12658,3.45425,27.84781
8.22253,5.50301,39.92034
6.27213,8.95703,46.19284
9.63710,6.28268,45.13997
9.37460,6.81564,46.15993
7.24417,8.08108,45.75791
9.08740,9.50528,53.60974
3.45325,1.69448,18.69940
9.22329,3.58667,36.38189
7.49018,6.53320,41.21092
4.51392,4.71347,30.49423
3.81083,8.86797,41.59031
5.92063,4.87191,33.25025
1.98932,7.97821,34.91031
3.76074,9.43275,42.37188
4.24131,8.47197,41.21427
2.82301,2.07142,18.48372
3.80850,3.93421,25.99288
4.08539,2.75761,23.16638
7.96885,1.83181,28.86342
7.43976,6.22821,40.53600
7.91048,2.83351,31.21928
4.58026,5.88303,33.52818
6.50155,9.83722,49.80761
7.78637,5.44259,39.25016
1.80501,3.94544,22.72124
7.45737,6.13930,39.85504
8.90640,1.17130,28.46326
9.84024,3.82573,38.60062
3.90323,9.97470,44.73515
5.63369,9.78031,47.12550
5.57703,8.16554,42.27595
4.38926,9.71538,44.90109
4.18831,9.28102,43.30260
3.06614,8.12089,37.51964
7.02747,7.71268,44.36875
3.98740,1.62700,19.62650
7.75462,4.69769,36.73910
3.55232,2.99082,23.24599
2.07503,7.69541,34.12707
2.87169,8.42972,38.09136
1.99924,8.48905,36.03629
2.48652,4.94429,27.27571
2.70664,9.47829,41.32932
7.26708,1.89110,26.74077
2.39004,8.07786,35.85815
1.61059,6.06441,28.66184
2.12162,6.61869,31.02075
5.24101,3.21302,27.33206
8.85773,1.47051,29.16219
3.28757,7.53603,36.35947
3.11056,9.48689,41.18837
9.43355,3.61300,36.25357
6.58464,2.79612,28.97241
5.54612,1.93367,23.66449
9.62845,4.35704,39.12562
2.22799,7.77912,34.69884
7.87668,7.62208,45.90393
2.43626,4.14003,24.71894
8.35896,9.07214,50.64533
4.17444,2.08517,21.54816
7.78125,2.72928,31.13494
2.05573,6.17055,29.28457
7.50736,7.60244,44.54260
5.35094,6.38996,36.86091
1.63528,9.60445,38.90576
6.41541,4.00858,32.34186
8.55635,4.46681,37.90670
9.22997,9.05262,52.43187
6.82877,2.66274,28.83260
7.42296,3.12137,31.55255
2.17444,1.25880,15.11322
8.20706,5.49663,39.80444
2.78493,3.08504,22.04129
3.52685,1.50228,18.67008
1.59538,6.49256,30.09550
2.12214,5.78467,28.85463
9.49930,2.10764,32.74852
9.68645,1.47445,30.72906
9.79231,6.54318,46.01255
7.17333,7.91645,45.08287
2.88301,9.61986,41.75314
5.66815,9.14261,46.02120
5.72813,4.44374,31.91589
5.74512,7.23299,39.97140
1.21012,8.82159,35.65407
1.31834,5.22419,25.41411
6.52677,1.88997,25.52864
7.14418,7.42159,43.69810
8.38772,5.82607,41.68846
1.28921,1.05138,12.69182
4.33644,1.21863,19.02310
4.04380,8.18728,39.80262
2.73169,7.60942,35.40535
3.64663,2.40798,21.33796
9.41691,4.18029,38.32398
9.60634,9.29811,54.52436
6.38644,9.20463,46.90819
6.77558,6.00494,38.21896
9.56607,3.46580,37.00773
4.70850,9.40945,44.47860
4.98905,1.70776,21.74087
3.72186,7.52289,36.84085
6.96719,3.32025,30.87844
3.34848,8.92945,40.47135
1.37747,9.90725,39.13405
1.30174,7.19365,30.77536
7.21177,3.45396,31.65427
8.38688,4.58375,37.99463
4.53407,8.84939,42.56396
9.02418,7.87951,48.39330
6.61119,2.80174,28.63301
6.39336,7.40313,42.06756
3.21735,7.00842,34.95716
2.65820,2.75858,21.06111
1.55500,3.20047,19.82286
8.41498,5.64725,40.81820
6.14850,3.31928,29.05360
4.43712,1.71526,21.38193
4.45023,5.43098,32.52318
7.27574,5.79903,38.48156
5.41660,6.29042,36.28243
4.66611,2.43237,23.15467
8.89065,2.74256,32.98204
9.94938,4.35015,40.29154
4.20833,3.79041,27.00746
4.84203,9.06779,43.48205
1.56672,9.08540,37.47263
3.45133,3.38141,24.20690
4.55137,3.01834,24.84355
3.41096,5.75870,31.01900
2.37633,5.83514,29.51982
6.71739,2.83075,28.51624
8.84939,9.76807,54.48764
6.37528,1.69418,24.47270
9.21220,1.66573,29.92665
9.88742,8.16965,51.06499
7.41511,9.95765,51.28337
4.41643,6.26302,34.24274
9.76016,8.29985,51.89708
7.35717,6.91266,42.88758
7.69937,5.71124,39.35166
3.76714,9.50602,42.56316
8.01638,3.73409,34.14512
9.42465,6.50487,45.33308
3.04811,8.73027,39.04085
3.55507,6.73050,34.67906
8.50321,5.49001,40.38733
3.44103,5.23850,29.69216
4.64128,9.76313,46.05206
1.78134,7.95131,34.49801
7.64269,4.98330,36.90583
9.80351,6.99708,47.58518
2.89949,9.38455,41.14696
1.22461,1.10514,13.25332
3.63012,5.30988,29.74106
1.06026,4.46285,22.44201
8.08806,1.96714,28.67974
2.28205,2.92858,20.09777
2.66182,4.49992,25.97873
5.71724,4.01609,30.56927
4.35123,6.84645,36.38534
6.01898,6.82698,39.41620
5.60532,1.50468,22.45974
6.70236,6.67599,40.04509
6.91067,3.78170,32.02099
3.20155,5.31832,29.21167
6.41791,5.72177,36.56679
8.69377,4.02396,36.32675
8.74649,7.68980,47.79473
8.59361,2.52168,31.51367
3.34343,1.58432,18.80180
3.04011,8.27994,37.75911
1.35496,4.43325,22.93851
5.09103,8.45668,42.22097
2.88352,4.54966,26.79854
2.88325,9.86896,42.09370
1.09159,3.57753,20.37529
7.47872,8.86116,48.18373
1.56442,7.84674,33.58168
1.19212,1.90803,14.65477
6.81152,5.62039,37.06675
3.35992,5.56638,30.09777
7.39475,9.31004,49.33121
2.08795,5.49575,27.21860
1.09390,8.42613,34.12056
6.95645,3.37209,31.10924
2.16506,3.90112,23.11258
3.63766,4.57289,27.57677
5.44811,7.64657,40.44274
4.39007,6.16740,34.23707
6.71022,2.18341,27.34147
4.63463,9.36274,44.44498
3.62291,5.71462,30.89777
2.79308,5.11915,28.34435
4.13180,7.00860,36.55888
9.46536,5.21720,41.63159
4.95119,4.38898,30.17705
9.83243,8.30447,51.70913
9.08339,4.92141,40.37794
6.86676,2.76302,29.17886
2.29556,3.68114,22.53318
3.77561,5.90583,32.20235
9.28817,5.79394,42.86738
4.29933,3.96536,27.24083
6.91789,6.96019,41.39965
3.29635,6.07661,32.29918
4.95727,7.64075,39.73609
1.02123,8.77221,35.69192
8.41152,7.13961,45.49281
3.62286,7.77048,37.06036
9.23042,4.19462,37.81531
4.09765,4.36505,28.20825
5.76630,7.12998,39.61539
3.66677,6.78973,34.95051
3.06163,7.64800,35.57085
6.48057,4.28095,32.50231
2.99333,4.03416,25.19629
4.82107,3.22221,25.92263
1.29950,5.11491,24.66098
6.01906,7.39413,40.78570
4.10369,7.23598,37.35194
7.30909,2.15046,28.12256
4.43348,1.52418,20.19727
5.90475,6.04743,36.70906
6.28631,4.59894,32.93824
8.51088,9.57037,52.55092
5.72164,3.16873,27.85667
3.37440,4.36418,27.20118
7.82869,6.84844,43.60193
6.76047,5.14746,35.81832
5.09495,5.73786,34.71075
5.78880,3.63499,29.60910
1.02423,2.30489,16.27262
4.16416,8.77358,41.99860
9.83150,2.20303,33.52647
8.84702,2.87441,32.92601
1.47606,2.59543,17.71117
7.76048,5.40018,39.16521
3.65657,5.24508,30.53958
4.52647,9.48299,44.76068
3.74381,6.00606,32.52085
8.56856,5.12007,39.61523
6.70696,6.98005,41.16600
3.90065,1.93768,20.57491
8.27674,9.12068,50.57773
8.38879,5.56980,40.85989
4.55707,3.61841,26.86147
3.70496,2.05009,20.63660
5.59860,3.41223,28.12257
9.78740,8.76637,52.43947
8.19287,5.28512,38.93169
6.45937,5.56581,36.62226
2.58981,5.41095,28.29918
8.28886,5.77155,41.02297
2.19257,4.60070,25.03058
5.52453,8.25913,42.38354
9.78012,7.91718,49.96524
3.65433,6.12031,32.65370
2.37851,4.11944,23.96553
1.21353,2.65178,17.12633
8.44966,6.33852,42.74826
1.20201,5.45544,25.33317
5.61205,3.18078,27.58645
5.27494,2.78071,26.03875
9.01666,4.56843,39.22886
3.30623,9.77361,43.10206
3.55396,9.44360,42.56962
1.34961,3.98274,21.17242
3.38666,3.80286,25.61095
2.63809,6.88869,33.36482
3.09072,5.36376,28.92971
2.49614,6.24928,30.97402
9.43501,7.59551,48.96978
8.70104,9.31375,52.12125
1.00092,7.90207,33.12459
5.17823,7.54356,40.47627
3.52382,7.98535,38.19439
3.55704,6.59507,34.08692
8.39333,4.84307,38.16869
4.14430,2.95827,23.70944
4.75960,6.36485,35.23246
1.01811,2.30480,16.32766
5.78599,7.71322,42.11593
6.16858,3.89836,31.05043
1.54521,7.72624,33.75555
1.93703,5.09685,26.62791
1.99579,9.26472,38.79496
8.06982,9.11912,50.77400
2.12921,4.62705,25.41890
6.02459,2.79276,27.85568
2.03421,4.11171,23.62344
1.10000,2.84201,18.13504
4.75290,8.19514,40.62768
1.09066,3.45199,19.43081
5.93324,9.19731,46.52437
7.21173,5.06519,36.39579
2.35797,3.98414,23.44062
6.94242,3.59331,32.03723
5.24086,8.31205,42.30296
8.56911,7.17352,45.27150
8.83769,5.97942,42.69479
5.10398,9.00794,44.10099
4.30372,3.32411,25.62471
8.34682,7.08749,44.69991
7.43020,5.89195,39.22124
4.08041,4.31263,27.73654
6.63417,6.66603,40.66329
4.12607,4.61851,29.35070
1.75859,8.04471,34.35279
8.02133,8.01057,47.11644
1.14496,3.92874,21.19850
3.01634,9.55058,41.89093
5.61958,7.42158,40.82239
4.48929,3.17659,25.83882
3.74159,4.96117,29.34940
3.73356,9.83672,44.09190
4.07164,7.09414,36.47134
1.65360,5.79295,28.08057
7.57477,3.63902,32.90855
6.20451,4.46346,32.38034
1.78002,8.96771,37.17499
7.22745,5.19586,37.29744
5.12967,1.46830,21.58206
5.27011,4.15386,29.63914
2.32942,9.44257,40.12469
6.90649,8.72925,47.05903
1.33771,5.59320,26.10540
1.23563,1.15112,13.36073
9.25730,2.80567,33.64493
4.47261,5.83365,33.69859
2.08147,4.73108,25.58658
8.71993,5.84092,41.83760
4.90084,7.31771,38.65767
8.34218,8.29615,49.04153
7.17073,3.53074,31.62734
6.71883,6.53882,40.01101
9.48669,6.40085,44.74947
6.90959,8.56407,46.17887
8.47830,1.54352,28.56725
8.57120,5.18711,39.30513
4.62791,2.30291,22.69231
3.05359,7.23005,34.32377
3.00181,3.55156,23.49895
7.19858,4.58280,35.34115
4.01396,1.06799,17.86264
9.52234,3.39398,36.27465
8.12260,1.93130,29.52331
6.23455,2.02430,25.71673
7.42584,4.39747,34.86379
9.82448,8.41478,51.50488
7.54076,5.64614,38.75071
1.81622,3.87251,22.54005
7.45077,8.58718,47.30489
2.96451,9.83424,42.13800
3.49146,3.06297,23.07141
1.09357,8.63444,34.78117
3.28025,9.20259,41.39080
4.13809,4.39865,28.36920
6.66809,3.50565,31.09400
8.62820,1.61787,29.22172
1.63541,5.19349,26.34404
5.47160,4.96099,32.39949
8.67492,2.65820,32.24419
2.05328,7.81465,34.99814
3.43583,2.50248,21.86137
8.07517,7.66578,46.00266
6.50925,5.39769,36.22695
5.42391,6.85018,38.11619
6.12991,6.11932,37.70120
5.70658,3.10873,27.98736
2.62649,3.26678,21.83495
4.40004,8.73946,41.72968
8.31710,9.66541,52.35145
3.30870,6.12875,32.09381
4.96486,5.40898,33.50469
9.25661,2.99820,34.13829
8.21986,7.90365,47.59196
5.75034,7.99017,42.71434
4.57994,9.53650,44.62674
7.62310,9.67709,50.96280
3.46681,7.08332,35.19550
4.44579,9.86415,45.63779
3.63316,8.64991,40.49692
7.27054,8.69549,47.79174
8.97916,8.18455,49.50894
5.69939,6.51472,37.50403
6.99783,2.54807,28.77025
7.94267,3.80879,33.86010
7.24531,3.23513,31.32704
4.08317,4.89136,30.23485
7.41385,2.43096,29.24023
7.31286,6.89761,42.13243
1.46889,6.77952,29.87625
2.18317,9.43412,39.23729
7.91385,7.27319,45.01820
5.49699,1.19263,21.59721
2.79644,3.66830,23.35791
4.63382,9.90544,46.01953
7.97213,1.98804,28.90222
1.29601,2.08085,15.89318
9.39212,6.68439,46.18693
5.65279,1.56063,23.16887
2.37841,2.73635,20.02194
6.09645,9.83932,48.98908
4.71709,8.08131,40.56774
3.57044,4.20784,26.94046
6.32235,2.94929,28.16457
7.71184,6.14031,41.20127
1.36544,3.49070,20.35658
7.11782,3.78948,32.31458
7.22234,7.06852,42.71532
7.27957,5.59336,38.25381
9.66989,2.61638,33.81223
3.53830,2.25853,20.57066
5.25545,9.61805,46.70929
2.10941,5.22282,26.72160
1.93169,7.64205,33.71253
1.48805,5.36202,25.67900
5.78509,3.37168,28.44351
6.54524,9.09038,47.04397
2.71721,9.51326,40.47715
6.25716,1.69544,24.53250
2.86294,4.72977,27.10973
3.70746,8.23501,39.41880
6.10392,2.59551,26.54844
3.57541,7.24210,35.86514
3.06648,3.80877,24.17908
2.01772,1.23586,14.38067
3.05942,7.79653,36.01466
2.60240,1.36828,15.96813
9.35902,6.17830,44.29487
9.05051,8.77944,51.33372
7.79204,4.58165,35.98883
8.30089,2.46697,31.16297
8.49108,2.79910,32.04393
3.93877,6.45157,34.40222
7.83194,5.53281,38.99435
5.78047,4.52500,32.40989
5.04285,9.74312,46.68503
5.79510,3.41333,28.80084
9.54220,4.80971,40.05040
4.82609,9.05241,43.85262
1.36675,6.07494,27.74529
2.38713,2.49643,19.45041
4.30269,6.04361,33.36422
2.38240,7.28773,33.68865
1.56078,1.42657,14.32736
7.77359,6.05998,40.73464
5.50249,2.62878,25.75293
7.98582,8.89177,49.48042
6.92264,5.78474,37.98638
3.44056,4.00125,25.52941
5.82837,2.43588,25.48042
4.21697,4.76863,29.62028
3.81029,4.09907,27.13504
6.48921,7.03691,41.30886
7.04328,8.07294,45.24913
3.43863,6.15780,32.78496
4.06967,3.14019,24.39337
2.65335,7.60977,35.30618
2.83586,9.02796,39.51398
8.72527,1.19983,28.29873
6.15593,8.23156,43.85190
4.22705,6.12293,33.60568
8.63112,1.82974,30.07023
8.91934,4.70314,39.44400
9.43800,1.07807,29.32111
3.92233,4.64371,29.05420
6.64406,9.24314,48.37924
3.22643,1.65246,18.42646
8.88366,2.09677,31.08978
6.82752,7.30336,42.23729
4.68563,9.49542,44.41290
1.58186,3.03941,19.48305
7.74640,3.32614,32.72252
4.67629,7.66710,39.59977
7.10509,5.48314,37.94124
3.29783,8.12999,38.29322
8.70494,1.53203,28.55358
4.44371,5.37498,32.07862
7.56766,3.13763,31.95488
3.62947,7.25489,36.01516
6.64071,5.10114,35.50474
9.71470,7.94932,50.34844
9.40327,9.58335,54.39400
1.92147,7.19551,32.78988
7.64508,7.05017,43.37947
4.87750,3.80522,28.13608
8.96733,5.63303,42.14210
5.28615,5.79081,35.38551
3.07076,7.94487,36.62924
4.89744,4.78443,31.01068
2.73586,8.03939,36.95127
2.69884,9.72651,41.12159
8.80305,8.93207,51.29269
9.41326,6.81621,46.53449
6.74636,2.20180,27.09204
2.78772,2.50609,19.77462
9.86614,6.86651,47.53765
6.99279,7.30650,43.26409
9.21899,4.40180,38.76113
6.63948,7.29073,42.57278
6.41806,7.97233,44.19672
8.83840,7.37453,46.85767
1.97741,1.21075,14.22314
9.04378,9.86641,54.20939
6.85047,2.95790,29.34257
2.87397,2.58729,20.29101
3.45359,3.80589,25.19333
5.50768,2.60429,25.68580
1.70887,8.64447,36.78990
2.94951,6.99710,33.83731
4.37998,6.54099,35.38722
6.58883,5.70460,37.49371
9.23220,9.18002,52.57554
4.67552,1.28198,20.50614
7.84672,4.59015,36.45098
8.23597,4.23975,36.60346
6.58309,7.40374,42.40962
6.46883,5.28223,35.46091
4.81503,2.55935,24.63056
4.18144,2.26792,21.77992
9.79248,1.00230,29.92153
8.42300,2.49399,31.35090
6.83914,6.00850,38.30359
8.02233,8.10061,47.11194
9.46082,1.76207,31.34575
3.38220,9.09096,40.85810
3.59755,7.52543,36.56078
5.37355,7.12465,38.69583
2.69452,6.02657,30.08277
1.33215,4.05223,21.50016
4.02976,1.30548,18.66710
9.81743,2.54808,34.09483
8.37629,9.85810,53.34344
5.85309,1.89321,24.57787
8.79031,9.73389,53.52500
5.79312,5.20964,34.51106
3.18446,3.38760,23.34497
1.57876,9.01025,37.24705
4.37383,9.71144,45.25860
4.48586,2.61468,23.97804
9.51620,5.62458,42.69936
4.70758,1.81094,22.27622
6.01272,3.12200,28.03817
3.16516,7.87592,36.62179
6.83168,1.68487,25.40846
8.68797,5.54954,40.70388
1.41792,6.03717,27.46534
6.82304,7.23419,41.95105
3.56618,6.00669,32.04052
6.30987,2.33384,26.75634
4.73187,7.87102,40.40020
9.13270,9.95486,55.46961
6.92931,1.96831,26.30317
5.57123,9.48210,46.52548
7.95775,2.34572,29.54727
3.45431,1.76600,18.80992
1.53841,5.95815,28.08706
9.44231,2.42118,33.38250
9.31682,5.56783,42.37532
6.64428,5.70788,37.04001
9.53686,4.62213,39.80500
1.27657,6.73006,29.45633
9.05867,4.65149,39.47786
7.47182,7.60788,44.92868
3.05658,2.09407,19.76248
3.96162,2.41961,22.22969
9.97426,7.53300,49.56174
5.78122,7.77262,41.61460
7.29781,1.71971,26.88356
6.11961,1.44478,24.01933
7.57186,2.66270,30.59844
8.59438,5.67366,41.40165
8.23231,5.72809,40.77436
2.99544,6.49225,32.03330
2.18223,9.31906,39.14072
7.30507,8.39752,47.26735
4.52291,8.61677,42.29781
9.83846,8.70757,53.27817
5.70382,9.26895,46.58296
8.44516,2.75892,31.85889
8.99077,1.34819,28.63068
3.73598,4.03341,26.36856
7.11382,8.46988,46.24190
1.17963,7.48611,31.94694
6.52065,9.54603,49.16064
9.87841,6.14918,45.57432
1.49767,8.49184,35.18595
3.38658,7.30867,36.05682
7.72022,2.27346,29.54977
9.54590,2.93363,34.67703
4.21854,1.81548,20.38749
2.54454,7.55404,35.14059
1.24032,3.58170,20.42640
9.14159,1.73121,30.46737
9.83336,3.55868,36.90677
4.02062,4.72673,28.90423
5.48030,5.24047,33.38412
8.61271,7.92810,47.57253
2.28117,8.85797,37.82266
5.87560,3.63413,29.71107
3.77743,9.36961,42.95634
4.51646,4.74318,30.46917
1.77075,9.33516,38.23951
1.99082,7.80910,34.59171
5.66712,9.99292,48.58030
5.02464,3.60396,27.78605
2.52166,8.90160,38.35964
7.19140,9.70702,50.50686
5.42253,7.50556,40.54005
4.24647,7.85582,39.22609
5.81386,7.45758,40.68536
2.51711,7.07481,32.98095
1.63504,6.64295,30.54694
9.68309,8.06251,50.37416
9.61812,6.02442,44.53313
5.26453,9.58823,46.23483
5.20035,8.39661,42.99226
1.95474,3.73675,22.05383
3.52599,2.88511,22.46927
2.68733,7.30716,34.41884
7.72145,3.89612,33.69660
4.12514,9.28075,42.90585
9.82683,9.11874,54.41640
5.61018,1.98685,24.28714
7.08736,7.63672,43.90570
3.60389,4.11889,26.19550
5.21548,4.94688,32.24106
7.00136,7.60371,44.01066
6.13836,3.12961,28.35319
8.76348,2.07286,30.79374
5.00267,9.84963,46.75158
3.87237,4.55916,28.35792
5.43435,4.31719,30.59046
5.74398,2.37501,25.96123
2.37242,7.71993,34.63809
8.77192,5.80322,41.61408
6.15508,7.33063,40.86342
8.36840,4.26974,36.43893
5.16645,3.14851,26.90492
2.79631,4.90376,27.38661
7.91640,1.14436,26.18438
4.99449,5.38319,32.64441
9.43290,4.78005,39.74315
9.77656,3.67619,38.08123
2.35377,9.26339,39.70760
4.33145,7.20245,37.40181
8.94666,8.80623,51.07385
5.25199,2.58119,25.21958
1.63635,3.07902,19.36323
2.46009,2.91218,20.31834
1.11772,3.37214,19.36165
2.23027,3.20759,21.24303
3.84311,9.84862,43.93260
5.53574,9.12857,45.85332
5.20362,7.22889,39.25499
8.74851,1.30068,28.22857
7.06607,9.14102,48.99374
9.16729,6.91275,46.29903
4.30002,1.17463,19.36041
1.32099,7.33713,31.43450
3.54025,3.26138,24.29937
8.68095,6.38835,43.69863
2.51617,7.68286,35.15682
9.25869,9.84412,55.42433
6.87611,9.32723,49.21435
3.46336,2.01472,19.95313
7.97944,5.84543,40.20074
7.81012,8.56594,48.01567
9.43315,2.80558,34.34237
3.45386,6.55751,33.66990
5.24268,2.69405,26.05293
9.41361,1.59479,30.95545
8.22839,1.52232,28.32804
3.15588,3.82461,24.86980
8.47179,2.69735,32.36577
2.45167,3.22690,21.19130
5.84681,1.93605,24.04816
7.41078,5.58159,38.88933
5.23679,3.83969,29.30741
1.20890,2.64627,17.43946
6.05528,6.53693,38.50941
8.53199,4.22068,36.38949
6.80331,4.51870,34.43412
7.15609,8.27732,45.86137
5.29997,3.28472,27.22409
1.18005,8.97153,35.83916
7.22699,8.60762,47.42413
9.93664,2.34487,33.68593
4.11242,5.94868,33.46560
1.01255,3.73709,20.31682
8.27971,7.43707,45.37284
5.49598,7.00256,38.59570
1.41446,8.45455,35.27758
5.59873,5.44224,34.46483
5.06000,4.98638,32.39292
5.45129,3.26333,27.32048
3.23057,7.96622,37.33827
9.68412,2.97928,35.23141
4.27209,7.89970,38.82761
1.62637,2.93986,18.93087
5.09647,4.69272,30.99036
7.64486,6.89421,43.29447
3.91643,3.83493,26.62297
8.93622,4.08048,37.02711
6.56495,6.75562,40.64749
7.67318,2.97121,31.07951
9.36846,5.44092,42.20432
7.51536,9.49676,50.32620
3.93708,7.98080,38.86270
7.78667,9.08089,49.87500
7.45532,5.91710,39.63509
8.63051,4.79623,38.15547
1.56239,8.24082,34.84892
7.21966,3.89504,32.71047
6.88148,9.75288,49.57973
7.87365,6.28799,41.57014
9.11176,8.94251,51.79506
6.18190,4.79130,34.02534
5.38168,1.41799,21.75132
5.45449,9.57152,46.14844
2.65224,5.23673,28.12391
1.06255,7.46039,32.00527
2.76690,1.95826,18.60975
4.72085,1.29959,20.69168
8.80259,5.52652,40.91496
4.06170,1.02026,18.46671
2.44843,1.49916,16.79893
4.61366,1.79875,21.35921
1.92082,6.79124,31.15384
7.35141,8.61357,48.00172
9.56134,8.04796,50.05970
6.15272,5.27702,35.48001
7.10404,9.56927,49.77457
3.87129,3.21545,24.82751
5.50518,7.96865,41.97582
3.53268,9.89616,43.40685
8.08431,8.25273,47.72310
7.91990,6.41904,42.53920
1.18625,8.23798,34.09630
6.35708,8.60319,45.16647
5.00683,3.36009,26.88840
8.63179,8.65172,49.81374
2.77786,7.42133,34.45836
3.99905,8.26550,39.88454
9.30784,7.78350,48.72617
3.03996,6.98995,33.80494
7.50139,3.87564,33.67958
8.97881,1.25687,28.59025
9.71183,3.33198,36.45101
3.48623,5.32961,29.59168
7.54983,5.40469,38.50955
4.24611,9.26297,43.45173
7.41446,5.46478,38.44467
9.34170,2.65216,33.55985
2.61250,7.08209,33.93291
5.62096,3.38845,28.60737
8.99901,3.80030,36.56068
4.50112,2.82769,24.80927
5.56948,5.79479,36.01510
2.63977,1.43265,17.03898
6.98132,4.36804,34.08921
3.08225,4.71834,27.39011
7.51097,2.89264,30.65306
3.59651,7.04500,35.40950
5.52872,1.04238,21.32053
5.18734,1.53400,22.19395
7.44504,5.36154,38.32124
8.66680,5.16561,39.36889
7.51342,5.80628,39.72020
4.53714,2.02928,21.76896
7.28694,6.02719,39.24068
8.43478,1.46958,28.24714
7.48054,8.65480,48.40433
2.31891,2.81755,19.65812
5.26867,8.56081,42.97785
9.04784,3.13421,34.18676
8.11653,7.86045,47.21473
3.96253,9.41491,43.45439
4.17046,3.67487,26.81569
1.23165,1.61178,14.69804
2.36022,3.74894,22.76712
7.73223,4.45031,35.33749
2.25134,8.76796,37.93019
8.89288,8.18304,49.53409
9.05899,4.97915,40.15413
4.83684,2.78852,25.27030
8.86350,8.31979,49.68598
4.91255,5.73836,34.24225
4.97371,6.51025,35.98221
1.13434,2.36765,16.85522
7.83018,8.72665,49.10056
6.89295,1.17140,24.72638
6.79117,3.64627,31.26646
6.72781,2.98381,29.02293
9.82933,9.17261,53.76052
5.29470,6.54271,37.46880
6.76276,9.47484,48.56634
6.72047,2.62146,28.63314
4.62495,8.91206,42.68721
7.65688,6.78870,42.42535
4.63897,9.72181,45.75740
3.18913,7.09137,34.41490
5.00413,5.78723,34.25439
8.04828,1.79890,28.90452
5.46343,2.37865,25.13858
6.08659,3.14774,28.31842
6.72802,3.38207,31.06492
1.67662,7.69653,33.18472
4.93754,1.62406,21.32128
9.71213,7.47839,48.36881
9.57979,3.04425,35.21714
1.24949,5.21905,25.45172
8.80253,3.76333,35.74644
6.61266,4.91016,34.92996
1.23429,2.80203,17.93259
1.64695,5.91744,27.60867
7.29679,4.86532,36.46567
6.24140,3.38914,29.54015
7.04891,7.39618,43.68323
4.22924,5.09088,31.02660
9.20782,2.81675,33.82294
1.55833,2.13209,16.98209
6.92820,2.91634,29.15994
4.49182,5.29298,32.07337
2.58725,6.27519,31.04067
7.40558,2.83072,30.17866
8.97627,3.28088,34.82385
6.22989,7.72914,42.21522
4.93145,5.38184,32.80062
8.67778,9.31093,52.63907
5.56682,5.10263,33.19248
7.33975,8.33392,46.96702
8.73758,8.53971,50.22209
1.95046,1.12614,14.72374
2.61553,9.17756,39.74753
9.17691,7.09116,46.70959
9.37418,7.56361,48.43275
6.76551,1.34017,24.38968
6.74045,1.95934,26.85832
1.13970,8.74210,35.73364
5.91756,7.94341,42.34126
3.44659,7.01615,35.33131
5.71606,2.65290,26.25004
9.66510,7.09146,47.66617
7.63312,1.55218,26.67708
6.36731,5.21777,35.11393
4.44832,3.05509,24.87743
8.01367,8.02982,47.15968
8.81263,9.03989,51.85193
5.83816,8.78886,45.08321
4.27812,3.30696,25.33510
6.84934,1.58531,25.09396
8.26019,3.58339,34.22128
1.88828,2.29957,17.49533
9.05983,7.26114,47.02865
5.15104,8.33504,42.46402
5.18230,2.52680,25.19576
7.27829,9.29022,49.24310
6.67912,1.36255,24.05498
4.86441,7.11063,37.73066
9.49415,8.67592,51.54235
4.67232,9.03033,42.94025
6.14333,2.43165,26.60055
9.65470,7.65359,49.03383
6.95540,8.45620,46.62940
8.80091,5.93019,41.95941
4.26249,6.48592,35.13507
3.29782,3.38622,23.63748
1.42726,1.23363,13.40437
2.99117,8.54318,38.15434
7.38048,9.88059,51.76790
4.56061,1.37936,20.28800
8.29509,6.10286,42.06967
9.30793,2.70432,33.32468
1.24672,2.93476,18.51373
6.22168,9.05454,47.04776
3.98753,5.75127,32.48619
3.95634,8.28828,39.97606
6.47107,5.69701,37.30125
8.52279,8.67475,50.00526
7.52367,8.39263,47.65203
9.14786,9.28815,53.41571
5.67433,8.55265,43.66512
2.89390,2.38300,19.77151
4.53861,2.98285,24.57915
2.80077,5.11967,27.98101
5.37725,3.48657,28.18226
8.45356,5.22820,39.51356
8.62866,6.60535,44.43835
7.64348,1.08076,25.17760
7.02687,8.61428,47.24627
2.79508,9.49782,41.40124
3.53940,8.57280,40.14990
6.30182,9.61222,48.74330
5.22268,1.19994,20.84216
2.02301,1.47902,15.55345
1.78380,4.00417,22.20320
3.96018,4.87876,30.05075
6.86628,2.34221,27.47988
9.98723,3.61102,38.28119
2.18284,7.91097,35.49644
5.25825,7.79010,40.82247
4.27904,9.25344,43.61156
9.07166,2.54270,33.21613
3.11944,7.34767,34.87947
3.48804,7.63874,36.47099
2.26950,2.79084,19.57427
6.14683,4.06231,31.76191
2.94405,7.42579,34.85746
5.96850,7.04130,39.57665
2.50123,7.58528,34.66716
8.53451,6.98475,45.36381
2.74331,8.80355,38.47215
5.97322,3.05346,28.10351
3.41326,9.84342,43.82648
8.16869,9.50537,51.41887
8.65483,8.62907,50.11207
3.99319,1.15073,18.04765
1.99929,4.26102,23.82909
6.07149,6.84828,40.12434
5.44171,8.83635,44.24632
8.37813,4.62559,37.32314
2.60617,3.01641,21.55366
4.85120,8.95835,43.64916
8.48898,6.09341,41.78524
3.61259,5.72561,31.37822
2.02570,3.54361,21.71893
4.68456,4.85644,30.52990
9.11082,2.06766,31.91052
9.95462,3.68222,38.32023
1.56991,8.74963,36.71253
9.51227,3.29257,35.78591
7.74698,6.19998,41.13353
9.21979,7.82385,49.09643
9.67837,9.36252,54.38116
8.46816,2.38930,30.76950
4.05706,6.05295,32.84363
6.14291,2.86226,27.94124
2.92530,3.85172,24.24997
1.20432,2.80150,17.53064
6.76153,9.05185,47.24249
2.03369,8.39519,36.58875
6.20285,8.74906,45.53220
1.92952,6.17410,28.96774
4.42359,5.11781,31.34639
1.33252,1.51865,13.99929
1.50523,2.43153,17.13861
6.10039,5.77850,36.20504
9.38759,8.85405,52.07491
2.31237,8.25119,36.05462
1.35248,3.91331,21.18690
6.68497,8.73645,46.88864
9.92888,4.60217,40.31480
3.42188,3.66930,25.03204
1.47531,8.21733,34.27046
5.05142,4.50275,30.11620
8.61487,1.10494,27.63212
3.64922,7.31361,36.11225
8.51133,8.63911,50.13172
5.38865,7.74269,40.60658
7.96574,6.39037,41.64105
3.47740,8.94249,40.68237
6.54577,2.03963,25.89145
7.86693,4.79269,36.71806
6.24778,5.74799,37.03216
7.41970,2.72691,30.50668
5.40122,7.68405,41.27311
8.26515,1.14388,26.46576
3.30814,7.39699,35.97926
7.81801,6.14600,41.30551
1.72463,4.36880,23.87029
6.69276,3.10748,29.54441
7.84169,3.48038,33.51915
2.50647,5.99817,29.65947
7.73729,4.82688,37.29886
4.26445,6.81709,35.62153
3.48164,5.20454,29.40440
2.37630,7.22705,33.06416
5.44063,4.26716,30.69478
4.89064,9.99939,46.62182
1.26113,2.66614,17.05703
5.02514,2.96443,25.79160
3.53680,2.20734,20.55944
4.77901,3.05971,25.61199
4.00772,5.06299,29.70982
6.14501,8.04856,43.87760
9.97734,9.36662,54.92683
6.21401,4.47123,32.64674
8.95879,5.26135,40.22357
1.75326,2.05634,17.13741
1.32682,7.32977,31.89589
5.02653,9.41086,44.81634
5.02695,3.14150,26.47806
3.19774,6.65317,33.83012
5.32886,8.16545,42.59547
2.86209,3.51471,22.94181
5.20848,7.43422,40.00640
3.96988,5.38744,30.69143
6.07295,4.36736,31.77404
6.61837,7.49902,42.85345
1.07475,1.38888,13.24491
5.10232,5.52597,33.98812
1.11734,6.17179,28.22295
3.60871,6.56598,34.10263
3.14179,9.90073,42.50527
6.98404,7.82256,44.37984
3.25983,6.42738,33.12692
9.80647,4.87901,41.44003
2.07335,2.24653,18.12099
3.82290,8.01270,39.01275
6.67941,8.86774,46.47477
4.03669,3.95361,26.48189
6.41480,5.40990,36.26554
1.56807,8.00591,33.88926
1.95927,9.38570,39.33265
9.23442,2.37410,32.77938
8.30199,4.57607,36.99422
8.25356,1.74629,28.92596
9.83583,8.36586,51.72981
2.79971,5.72335,29.66952
9.82859,4.16539,39.46193
7.73098,3.01639,31.99980
9.60729,2.05390,32.61367
1.61207,2.65226,18.54579
2.93869,3.93595,24.49009
7.81123,4.37686,35.99759
2.47617,9.47255,40.32782
2.19110,4.19317,23.92395
8.54749,7.78805,47.19592
8.69482,5.47179,41.26993
7.21064,2.44921,28.86073
1.75564,4.06961,22.69283
9.49783,2.85170,34.88815
6.11992,6.96086,40.47561
2.35154,7.64551,34.41180
2.09344,7.15684,32.73725
3.02701,3.08127,21.90184
4.22322,1.69136,20.30793
1.63175,6.67517,30.66859
6.72925,2.77501,28.69888
5.77257,1.41210,22.83230
2.80998,2.25318,19.63086
4.93437,5.04490,32.49784
6.62291,3.18621,29.58567
1.83990,6.66584,30.40684
2.23568,2.85006,19.90796
6.53506,6.76069,40.23845
2.22284,7.65899,33.97546
8.61015,4.08481,36.96582
5.62852,8.07600,42.40275
5.72846,1.57957,23.12115
2.84736,1.51167,17.38782
4.84250,6.07021,35.09206
8.74282,5.60882,41.47545
2.82819,2.99619,21.96999
9.62322,7.24184,48.46259
8.65767,4.54060,37.89931
9.16793,4.46738,39.11584
6.78241,2.28292,27.07721
9.69842,1.43541,30.63078
1.52874,2.42577,17.12406
7.06556,3.08120,30.56700
2.96704,8.09103,37.25023
6.40649,5.24243,35.45648
6.83496,2.08701,26.57925
9.41931,9.54262,54.92717
1.95288,3.80612,21.88295
7.19015,9.42836,49.98894
2.22099,1.47548,15.64492
7.41569,6.41420,40.73579
7.79285,9.84203,51.92118
4.66596,5.98094,34.28563
8.87055,4.16466,37.16676
4.98408,4.99739,31.76249
6.36708,5.40850,35.76298
8.91672,8.76744,51.58131
3.98346,4.00505,26.97941
8.71858,8.91630,51.17463
6.14233,2.03533,25.71618
9.77871,9.51839,55.56454
1.48538,4.64395,24.17837
9.97698,3.37893,37.37862
9.09559,2.40195,32.08188
