7.59060,1.40665,26.83025
1.77603,2.42216,17.38362
6.05012,7.24226,40.47455
6.03610,2.02825,25.37456
5.78624,3.07745,27.38538
9.08799,8.03500,49.39600
7.29996,1.44806,26.17954
6.37801,5.05131,34.67165
9.32561,7.89741,49.10692
4.74268,8.51624,41.73972
3.79849,4.73623,28.95224
6.99369,3.52887,31.49138
5.48062,6.98512,38.49968
9.58393,5.42145,42.24570
9.51488,4.40337,39.66360
5.72180,7.04727,39.11431
6.74008,7.26378,42.73328
1.53716,5.43034,26.43209
3.96000,3.96256,26.61927
5.83588,8.05852,42.64360
1.31502,3.64985,20.66061
1.98601,3.02418,20.53081
5.80456,9.39269,46.42251
2.58556,6.43522,31.58140
7.62265,6.75561,42.75311
9.03621,5.57901,42.20065
6.15940,1.91573,24.72414
3.76434,3.13498,23.83799
8.93992,7.52520,47.63800
5.40701,9.38068,46.00928
7.72885,9.16444,50.01168
3.13498,1.31693,17.65047
7.74432,6.53983,42.29221
6.59287,2.50350,27.33779
5.18463,7.73222,40.73161
2.56449,5.47140,28.21634
5.26673,5.93577,35.32342
7.85023,5.47331,38.81656
2.38127,8.90595,38.97653
7.89648,3.42940,32.88790
5.54966,6.18072,36.50096
4.01155,2.31429,22.05061
2.51733,5.37708,27.78849
5.70237,2.10675,25.13946
5.01451,6.27929,36.23519
1.91395,1.31573,14.92384
2.42867,9.49776,40.35688
1.16519,3.92170,21.20490
8.02545,4.41891,36.36919
2.96227,5.10351,28.19012
4.67340,2.19676,22.87600
2.65971,1.00807,15.01547
7.18799,4.15684,33.79592
3.15338,2.65202,21.65108
7.17377,5.17906,37.02055
3.40283,3.07002,22.70264
9.12843,5.57853,41.74865
7.82785,6.45452,41.93528
2.87424,7.68553,36.14618
2.30835,1.81334,17.46014
4.06506,7.28599,37.37550
6.17556,8.33684,44.32504
6.79750,2.66227,28.75469
1.35392,5.75570,26.87405
3.83226,2.62564,22.48052
5.41925,8.60585,43.87595
1.46887,4.75347,24.65990
3.37366,9.47536,42.47986
6.22582,7.35194,41.22249
9.58722,7.78844,49.39470
1.92625,8.16502,35.82991
5.46796,9.46498,46.80133
6.74117,3.42102,30.62216
7.06210,1.68169,26.09537
8.98405,6.76837,45.02996
8.03148,6.29059,41.93216
7.91409,8.26964,47.73078
2.71931,8.30319,37.70155
6.91920,2.67865,28.48282
4.13960,6.08416,33.46136
3.74430,7.21998,35.80945
9.13363,6.87777,45.74301
9.87585,1.64748,31.66002
8.85544,4.97884,39.23892
1.68474,3.76750,21.85968
8.29021,7.24826,45.34211
5.31130,8.44103,42.59382
9.38902,8.67126,51.39204
5.53526,4.34288,30.86143
2.93296,8.72797,38.97151
2.36011,6.80303,32.54470
7.73382,9.02166,49.36955
8.33426,1.96777,29.42463
4.56522,1.05069,19.14754
8.67953,5.82004,41.41774
5.18056,8.19567,42.42728
2.26071,6.34500,30.78337
6.16008,7.85491,42.93105
6.10680,3.23199,29.10015
7.41339,5.55102,38.70806
6.39019,6.99519,41.25058
4.64548,3.66278,26.95518
4.17911,6.86490,36.25649
2.50394,7.49045,34.32429
3.33390,6.30161,32.36692
5.94879,3.91445,31.12296
3.44226,9.52306,42.54536
7.70443,6.65798,42.54895
2.11886,3.45539,21.77267
8.60597,5.09036,39.43279
1.86137,7.59450,33.46078
4.84009,4.39782,29.79041
9.63548,9.00413,53.56049
6.32107,2.97439,29.06184
8.62373,6.59028,43.98321
7.48291,6.49883,40.97832
9.64637,4.50291,39.34108
1.91293,6.60639,30.30061
2.00656,8.10560,35.61358
2.02675,7.32346,33.49948
4.62602,8.65309,42.01153
7.25293,7.04724,43.05748
8.84756,6.05900,42.95791
8.10581,9.38890,51.36682
6.62569,9.08577,47.69684
6.03577,6.60054,38.63513
4.93335,2.73342,25.21541
1.46316,6.64854,30.33672
4.97739,1.14799,20.39605
9.78423,9.20622,53.73732
3.97182,6.02485,32.85215
2.93033,6.22432,31.44380
7.57905,8.45090,47.42984
3.51815,4.83866,28.29543
5.20982,9.62268,45.98104
4.44361,6.30182,34.32569
4.58818,1.10303,19.96735
6.76831,8.77527,47.10328
9.82515,4.94247,41.88920
2.71845,6.14833,31.31661
6.52883,9.30381,47.65795
9.52685,9.66883,55.09399
4.78946,2.79889,25.23974
9.76356,6.29652,45.25859
9.26705,6.80857,46.35872
8.87962,8.30345,49.71087
6.02604,9.06440,46.72890
9.34846,6.35014,44.67014
1.79230,1.13964,13.76115
6.25253,2.59700,27.53773
1.12066,6.89776,29.86780
7.35126,2.27032,28.61290
1.69092,9.19727,37.78766
8.32937,1.65045,28.90744
7.05003,1.41079,25.50089
2.80862,1.78784,18.42246
4.24005,4.16178,28.00384
1.35182,3.40705,20.23777
5.39097,1.83173,22.87832
8.93694,8.99885,51.77745
3.24254,3.64821,24.80265
8.22060,1.63160,28.21038
2.05278,4.37886,23.88392
6.07592,1.39289,23.27027
8.54786,6.78770,44.27787
5.17314,7.04268,38.41392
9.13695,3.26238,34.66930
7.44120,1.51198,26.46692
6.90105,1.46351,25.04448
2.68864,9.92272,42.61211
4.00706,5.07656,30.73827
3.68972,9.21318,41.65991
1.21084,8.24745,33.89944
6.50753,3.17009,29.15821
6.80972,4.79104,35.20955
2.70458,5.74325,29.84273
1.93348,2.45524,18.58925
8.10503,8.69621,48.84770
2.40888,7.99359,35.30262
7.61388,4.05450,34.20575
6.48709,9.90800,49.89535
3.49787,7.76003,36.82341
7.82765,4.90758,37.31248
8.59799,2.95266,32.86934
2.78437,6.91943,32.89093
1.95397,7.39050,33.33426
9.89982,1.04068,30.04941
7.66056,8.64900,48.46704
7.16003,1.57090,25.53636
5.97972,4.58305,33.02529
3.36416,1.79391,18.93635
6.91601,2.91554,29.69621
3.19992,5.81425,30.35927
6.05721,6.37029,38.68741
7.98359,4.19455,35.31185
4.08336,7.75944,38.80753
2.02651,4.08654,23.50099
6.00147,8.85201,45.09123
7.92941,8.67093,49.04829
3.94762,3.28004,24.45689
1.48281,6.10350,28.24714
4.24765,9.58074,44.37057
2.86271,4.41745,25.96654
8.30239,7.90786,47.52361
2.98937,8.77187,38.87777
3.27556,5.38401,29.21664
6.37855,4.36973,33.28720
9.33067,7.93899,49.75863
6.00881,5.00874,33.78189
7.65491,5.54399,39.32443
5.65168,6.78153,38.76532
3.88003,9.12087,41.90851
9.28401,9.56981,54.49806
6.01183,7.55380,41.64522
8.51138,2.19398,31.08058
4.02530,3.62904,25.70776
5.26654,5.08542,32.52429
6.91949,5.97327,39.24368
8.10785,8.61902,49.23526
5.27945,6.82072,37.92349
3.56463,1.49365,18.33065
7.98255,2.27492,29.77966
8.08997,8.28872,48.54494
4.83973,3.19511,26.52254
1.22465,4.03830,21.86136
7.48452,7.72644,45.61198
1.52082,8.56968,35.32606
9.93768,1.11875,29.99576
4.00891,2.73308,22.86672
3.19899,4.52223,26.63361
4.48977,5.47157,32.24461
9.81798,6.43768,45.52282
4.99903,2.63962,24.60696
2.69431,5.35257,28.49578
2.65920,7.32445,33.93942
7.15767,4.31924,34.24843
7.47875,5.12008,37.15584
9.42865,9.26138,54.01119
6.77532,9.79604,49.92472
6.63722,6.25619,39.03263
4.42109,7.85910,39.32314
6.63060,5.12508,35.94099
7.48038,7.18484,43.40663
1.40610,6.67099,29.85165
2.54810,7.59812,35.30994
9.12245,6.47026,44.49292
9.16780,5.10683,40.80826
5.45475,6.89601,38.41286
3.07004,6.37166,32.22889
7.90771,8.29863,48.01026
5.39665,3.39160,27.62116
5.31081,1.48408,21.63484
9.04445,8.51398,50.49644
1.43570,6.48298,29.19350
8.21246,5.40216,39.93859
8.47551,4.28074,36.77401
3.72368,2.49943,22.12851
5.74920,6.77443,39.00066
6.81578,8.35022,45.52200
3.18740,1.70349,18.74920
6.84942,4.42088,34.20788
9.45331,8.04247,50.29497
4.37853,2.28823,22.35456
7.34979,3.02226,30.97087
9.68231,5.68058,43.08574
3.25955,5.59723,30.79347
7.53777,8.64572,48.43738
9.88139,3.59899,37.49510
2.78272,1.72870,17.69119
2.89661,9.06316,40.01743
1.41056,9.22072,37.20761
3.00232,7.57825,35.30359
1.03334,1.07032,12.60874
4.76874,8.21040,41.51992
7.65864,4.47062,35.73184
6.49548,1.72963,25.35945
2.30334,9.66116,40.77556
3.23291,4.99957,28.25315
7.45789,6.53034,41.24720
8.76508,6.45248,44.18322
6.11617,8.99899,46.16976
5.86418,7.90496,42.43663
8.89973,1.40052,28.79974
4.51293,4.85871,31.06004
1.48323,5.63276,26.76928
3.91432,4.89456,29.63229
3.73740,7.74569,37.51337
1.75451,5.49488,26.81195
4.10760,3.54015,25.85373
6.57620,6.02971,38.13402
7.57577,1.99804,27.85855
1.33670,3.19694,19.54071
3.35465,3.05447,22.97446
8.38162,6.76829,43.92452
4.32223,4.93368,30.90236
5.53933,7.25785,40.05835
2.81024,7.40709,34.76012
9.49676,1.10673,29.30926
3.70390,2.86565,22.70928
9.95284,5.36966,43.27262
8.91570,6.90341,45.51434
5.88170,2.82987,27.50506
9.27181,4.00353,37.30601
9.10898,6.72448,45.70943
4.63464,3.26905,26.11472
8.54902,9.66174,52.99625
9.48370,3.00542,34.95184
6.38472,5.80935,37.53201
6.95814,5.57459,37.22660
3.27562,2.28090,20.53604
2.36081,8.24976,36.25397
3.09038,1.96620,19.30601
2.27416,9.07406,38.47527
5.51974,5.09653,33.67607
7.49560,1.79842,27.21907
7.71600,6.13198,40.41355
6.02017,6.86796,39.89425
1.08791,4.96306,24.01535
7.75900,2.90578,31.07377
5.68742,8.34703,43.12399
2.05396,9.18208,38.25553
5.91778,6.09802,37.28550
1.14367,7.75058,32.67479
4.65712,4.06194,28.24258
7.42202,5.66949,38.77118
7.75475,9.73971,51.98545
9.18632,5.91943,42.85490
4.61264,4.98059,31.24912
4.82353,2.88681,25.69864
8.59185,4.31341,37.40879
4.94676,7.47806,38.84491
2.68312,4.15561,24.56895
7.83546,4.64886,36.20000
9.14473,6.68232,45.38543
1.83271,9.33576,38.59603
3.40799,4.37621,26.79045
4.88343,3.16845,26.26239
5.43188,8.65805,43.97829
8.68421,3.06981,33.25594
1.83884,6.28665,29.83141
3.17912,5.75552,31.00390
2.45990,2.58416,20.16072
2.14524,4.39160,24.29441
1.16205,7.37864,31.83993
1.04832,9.57695,38.08406
6.63197,5.08419,35.26912
3.52234,2.47488,21.04479
8.99091,2.77330,33.04022
6.55159,2.57085,28.27175
3.72984,2.27406,21.53240
1.56460,7.71619,33.18998
8.65840,9.67242,53.54940
3.03013,9.80843,42.39467
7.91035,5.88871,40.63132
5.29639,4.84956,31.94477
7.88246,6.61087,42.53767
9.67178,4.11041,38.47996
9.74980,5.75129,44.22536
1.12320,8.78732,35.42915
6.86788,9.88032,50.30388
4.36379,2.32863,22.87210
9.45744,2.63386,34.13122
8.07184,7.85833,46.68082
8.87330,7.20081,46.61103
4.06196,5.86412,32.71564
4.54826,9.37777,44.47880
4.45401,2.98542,25.23217
1.90136,5.86195,28.62368
1.75718,8.84470,37.24027
5.96606,9.82734,48.51058
9.43885,3.92868,37.69431
3.42702,9.12391,41.51700
4.87130,9.98627,46.83857
8.65127,5.52053,40.63044
9.58085,7.45547,48.77463
7.78468,1.93095,28.14843
9.80640,1.99418,32.28259
9.55167,2.05247,32.42391
9.04451,8.00093,48.79702
9.81461,5.98454,44.78024
7.37861,8.37519,46.65504
5.37431,1.29644,21.72702
4.15500,8.80422,41.40576
8.05967,4.32702,35.79287
5.24302,9.86679,47.26816
7.12901,1.86071,26.97174
5.26606,2.50682,25.29098
6.70925,6.28611,39.28164
2.41955,2.86253,20.74822
7.05081,3.89377,33.09811
3.18307,3.11592,22.61271
3.62301,5.40560,30.66408
4.78907,1.19808,20.39333
4.82655,5.21504,32.64944
2.09035,8.36365,36.08965
6.35815,1.57963,24.88661
1.68125,7.93483,34.21534
8.26002,4.91909,37.87891
6.38628,3.34898,29.91089
9.77374,7.05833,47.61358
5.45805,9.51911,46.17029
3.74147,4.17069,27.02194
9.89995,5.15370,41.78906
8.25673,9.83578,53.07766
6.51423,4.82970,34.61247
1.94347,6.52444,30.91874
6.19682,3.30220,29.23354
6.08834,4.53950,32.86404
6.81138,1.79199,25.72554
3.36710,9.71019,43.25978
1.03320,8.11600,33.14603
5.05783,3.49738,27.77550
8.44853,4.14937,36.64759
6.95503,3.11537,29.76021
1.90920,5.87468,28.28656
4.48048,9.80502,45.46202
3.64701,7.28811,35.69103
2.52500,5.56614,28.35551
4.28663,1.04409,18.87849
2.89809,5.75085,30.26361
7.58293,2.32940,29.28083
9.52066,2.00381,31.81190
2.79721,2.18342,19.05770
4.39546,7.74269,39.20640
7.15227,4.90179,36.25354
3.34605,8.31561,38.74438
7.27526,8.14959,45.56205
7.77011,8.67483,48.23358
8.23085,3.35024,33.36442
5.02615,5.99970,35.17088
3.11206,4.81739,28.05797
8.42921,1.77883,29.06827
1.45622,7.61312,32.71926
9.51089,8.28977,50.70142
7.14489,3.04474,30.60638
6.70131,4.71195,34.44922
9.52371,7.99840,49.54661
4.60739,5.09345,30.99673
6.04326,3.68363,30.42111
3.82337,6.19800,33.55427
7.90717,7.10067,44.24418
2.79457,1.20329,16.65084
5.62658,7.62669,41.58641
7.35367,1.98541,27.93840
2.28495,5.69693,28.94769
6.79938,5.13997,36.23675
6.99888,7.03746,41.89040
1.60608,6.70475,30.73529
7.65302,1.59079,27.27526
7.95305,6.84532,43.07443
6.66152,3.31972,30.36468
9.08383,7.26190,47.09394
7.63380,9.64940,51.07837
6.94260,1.77765,26.32978
3.86436,4.80741,28.98228
3.24000,6.74937,33.54738
4.41651,4.68075,30.11951
9.95373,1.12861,30.07557
6.12455,9.86837,49.00578
4.79360,4.17643,29.61071
8.09544,9.74130,52.55504
8.30235,3.01493,33.03936
3.22026,6.72454,33.22593
2.45158,7.48181,34.06997
2.03219,6.83418,31.32822
2.77942,7.93536,36.36763
7.15319,2.99089,30.18330
8.59774,4.03725,36.02632
9.35066,4.21274,38.09184
3.23971,8.53208,38.64451
4.99572,4.11326,29.39259
9.20700,8.71502,51.74686
9.83683,9.37429,55.27264
7.96548,6.56282,42.38341
4.27038,8.79769,42.00755
8.22313,2.57153,30.88865
3.37094,4.54895,27.23546
4.08323,8.86462,41.40074
8.16033,1.37964,27.76990
1.05219,6.50351,28.77191
3.51251,8.55827,39.71288
7.60705,4.97279,36.78098
9.93404,7.01778,47.73971
6.83333,8.36413,45.88362
7.59741,7.76266,45.22477
7.18383,7.70755,44.11431
8.22615,6.26232,41.75357
7.39125,5.09943,36.78437
5.60379,1.20699,21.95788
4.37180,6.82090,36.51100
4.72398,4.91392,31.18149
2.24726,2.70032,19.35793
6.60893,4.10817,32.11597
7.70363,4.78387,37.24271
7.50430,8.80227,48.01416
4.51986,6.54998,35.33590
2.01650,4.92454,25.46988
7.33519,2.80766,30.35316
9.56702,3.60700,37.24765
7.66884,4.53395,35.91168
1.66718,8.72961,36.25192
3.10295,7.66628,36.00614
9.29782,6.89779,46.48511
5.21189,7.79621,40.82379
8.05312,1.76339,28.18656
7.66975,1.92504,28.23891
8.22194,9.46434,52.33542
2.25906,3.72878,22.43365
9.28567,2.48694,32.88237
5.20101,7.30750,39.52495
6.61636,4.58862,34.45067
5.49301,8.44712,43.64187
4.22130,9.01751,42.53676
1.46176,9.95264,40.14866
7.84475,4.09671,35.01226
8.35123,8.81206,50.39663
9.75434,5.87495,43.91293
7.45370,6.37157,40.59310
6.45225,2.11138,26.38468
6.10426,6.51314,38.97898
2.06682,8.54041,36.43507
7.85799,7.05207,44.22955
1.43423,9.95337,40.19917
4.49934,3.83860,27.03177
1.85318,8.62689,36.54229
7.79378,9.92568,52.37996
2.96596,5.90033,30.49336
9.24860,9.64444,54.71744
6.19788,5.42353,35.81320
9.56896,5.15542,41.32795
2.92311,7.16404,34.38480
2.52343,7.78662,34.90912
6.35602,6.50524,38.93115
7.75792,4.71400,36.53752
5.32003,2.03415,23.62207
2.21545,2.89698,20.28464
2.11488,1.32255,15.27024
4.32142,3.47538,26.46714
3.90611,2.43592,22.54764
2.75946,1.77365,17.66965
6.10303,5.35814,35.35147
1.67918,1.51483,15.16688
9.92860,7.45671,48.92725
8.35460,4.15387,36.03533
2.57124,1.66563,17.25321
5.57435,4.10806,30.28234
7.61199,6.79053,42.51239
8.38317,5.30695,39.26606
5.67736,5.60644,35.23684
9.44542,4.60069,39.84106
2.95661,3.09662,22.57310
6.18920,3.62098,30.02962
5.58501,6.67268,37.95713
5.44882,4.68477,31.79262
1.92719,4.67370,24.77547
5.03896,3.75268,28.38924
8.61948,1.31959,28.35132
5.04121,1.44649,21.84274
7.98920,1.37211,26.76018
4.67674,5.75531,33.17891
4.25552,7.73852,38.57032
8.64416,9.02345,51.80861
6.48217,4.28683,32.67192
3.28748,1.23496,17.53923
5.00853,8.73062,43.69370
7.99093,8.25818,47.90041
1.04070,5.49145,25.66059
3.45273,9.03386,41.03322
2.56717,2.67735,20.58417
1.85224,9.86239,40.41901
3.81561,5.82051,32.52881
8.79762,1.97049,30.63443
1.48516,9.14497,37.43307
8.60787,6.49487,43.99595
3.60112,1.01216,16.78049
3.94564,9.58251,43.42466
6.89331,8.30167,46.11347
1.13493,8.83166,35.70987
2.35043,8.90558,38.49295
5.67618,3.45302,28.34113
4.62268,9.65941,44.80521
5.81387,3.18267,27.87077
6.86219,7.57021,43.65581
4.85677,2.38269,23.76121
1.74574,4.63993,24.76855
3.88736,2.93611,24.06931
6.72837,6.99698,41.26871
8.92772,5.98843,42.46889
2.10239,3.08400,19.97204
5.48722,7.27415,40.23058
2.36810,5.19074,27.79101
5.04757,4.64185,31.41232
4.65949,7.42858,38.59374
8.60826,5.82693,41.54561
9.26689,5.69219,42.45124
9.63651,9.21106,54.28845
6.96587,9.53713,49.11004
7.76170,8.81150,49.21505
6.06172,5.70033,35.99257
2.45273,7.08340,33.45593
4.57727,8.15975,40.21590
5.87277,2.62897,27.07791
4.61963,2.30376,23.42867
4.74397,3.85924,27.88777
1.18905,8.18513,34.16068
6.90276,9.37630,49.16056
8.66833,3.49068,34.34492
4.21698,2.03604,21.15493
4.94440,2.97721,25.70714
8.53662,6.81354,44.13045
7.75543,3.57073,33.36857
8.99136,9.27945,52.60809
6.67955,2.06570,26.52871
1.69585,8.73878,36.16255
2.98987,6.16323,31.22345
8.33406,9.94551,53.23080
8.36632,3.03178,33.04122
3.42200,4.20712,26.28973
2.36292,4.50538,25.27760
3.77269,7.72873,37.91697
6.92311,1.14425,23.87597
5.28405,9.43893,46.36381
8.71002,7.30672,45.89996
1.67337,7.60503,33.46590
8.62107,7.87273,47.91157
4.90200,2.02802,23.05635
8.86746,7.13073,46.14336
3.34610,9.43932,42.34163
4.59130,5.31708,31.68256
1.12107,1.89810,14.49816
9.16694,2.25520,32.20122
7.89687,5.48525,38.97961
9.09428,9.64418,53.93271
4.65240,2.30616,23.50862
5.51530,1.31107,22.37642
7.27317,7.81076,45.15097
8.79196,8.08608,48.38457
5.44866,5.76831,34.95980
4.31068,9.58621,44.09079
2.85916,2.26153,19.66096
6.54133,4.91236,34.72635
7.78678,6.69922,42.49084
6.99391,9.39545,49.54633
1.64453,2.79872,18.70120
6.95696,9.37453,49.44322
9.94460,9.89670,56.48716
5.10091,7.73835,40.35518
9.66641,5.49290,42.48849
4.44964,5.81773,33.63602
4.28022,2.25304,22.24037
4.41511,1.75982,21.06520
9.13250,2.61316,33.02694
4.26790,9.51796,44.56612
5.02623,3.64657,27.68341
9.26603,6.86679,46.25578
3.22078,1.53869,17.56730
6.78770,6.14915,38.74315
4.42292,1.37553,19.76470
7.10534,3.85117,33.19299
4.39722,8.00478,40.06679
9.40857,4.29939,38.45284
5.06765,4.11446,29.08465
4.35068,4.99169,30.25479
5.68042,1.26086,22.25003
2.57996,2.09527,18.45025
9.13787,1.31310,29.63130
4.97765,5.84957,34.21917
6.09687,5.36444,35.48303
1.97940,9.26361,38.64302
3.23495,4.28996,26.33832
4.88013,9.61038,45.80122
8.99095,4.91429,39.43824
9.84863,6.51381,45.87460
1.05875,8.85012,35.48261
6.27559,6.25084,37.91062
8.04489,3.36393,33.63709
6.68120,4.71587,34.81099
9.53072,2.71880,33.84278
4.23055,3.48074,26.36129
2.11383,1.38487,15.18262
5.76833,5.70225,35.48093
2.86311,4.41739,25.76743
8.15210,3.64759,34.40254
7.61887,8.85099,48.81698
7.17466,5.07258,36.15087
3.29659,5.16990,28.82830
6.00457,9.03249,46.38158
7.78778,9.28371,50.66772
7.61249,1.24791,25.79915
3.33822,4.78856,28.34404
9.35379,6.77985,46.33648
1.68200,2.06842,16.87788
6.86070,4.45051,33.77155
6.05438,4.87151,33.25792
4.80298,8.65414,43.04300
9.50055,9.67807,54.95464
3.46018,9.77613,43.66170
5.36912,3.66111,28.98479
4.72360,4.34219,29.17665
3.07658,3.85664,24.73765
9.37183,9.69790,54.75193
6.96406,2.48989,28.87366
8.17211,5.99079,40.82412
1.31064,4.03255,21.73568
1.59326,3.60687,21.34511
4.78791,5.70156,33.60030
2.19787,4.69767,25.54267
1.08612,4.72131,22.96445
1.95242,7.66898,34.07247
6.52864,5.13335,35.45862
4.34108,7.24273,37.72907
6.14101,1.49162,24.15765
2.37396,4.55648,25.78499
7.90396,3.14453,31.94363
2.71970,1.50392,17.37018
3.71385,3.92913,25.86345
5.65936,8.08234,42.15247
9.39702,8.00183,49.97714
9.21629,6.77992,45.36745
8.94567,6.62120,44.82674
3.91301,1.69357,20.15089
1.46451,3.60240,20.81985
9.25947,3.95988,37.40217
3.34989,6.97355,34.62591
2.48677,4.44182,24.82112
2.40904,2.68189,19.97164
3.05313,6.72713,33.07628
8.43934,3.98057,36.17382
9.30544,6.90030,46.70346
5.89953,2.75154,26.86518
9.36320,2.03002,31.69345
4.71329,2.93721,24.94788
5.58716,4.64794,32.39244
7.08605,8.57801,47.04297
9.04088,6.99192,46.26015
3.25513,1.61682,18.77500
9.25445,9.62721,54.28866
7.34399,3.88452,33.25013
7.74279,2.92168,31.33592
5.61865,1.97279,23.85542
5.02421,5.69712,34.58409
7.92704,3.79685,34.55855
9.76934,6.57537,46.59538
2.52292,4.80784,26.57431
3.02631,8.11621,37.88992
1.36706,5.07215,24.87035
8.87148,3.59978,35.73938
9.44833,1.68167,30.98929
1.10466,2.74039,16.96885
8.08568,8.93535,49.77393
7.45735,9.33727,50.18907
8.42572,3.69424,35.41342
7.08907,5.95871,38.77113
7.32147,8.78169,48.31613
3.73232,5.58545,30.78923
7.10918,7.61993,44.28381
6.34621,5.57673,36.72276
5.93494,3.58178,29.73183
5.17565,4.89076,32.37179
5.55766,3.65131,29.09068
3.40587,8.56148,39.20150
7.07105,6.02701,39.09816
7.95227,7.60499,46.01437
5.08064,6.04453,35.16200
9.43133,8.56322,52.03142
8.94360,5.37974,41.11835
1.89097,6.45854,29.90131
3.48661,6.17915,32.63338
4.24448,5.49696,31.72801
1.55540,9.06262,37.01488
7.55909,6.79141,42.42690
7.03096,9.07325,48.50754
1.45741,6.33480,28.99731
5.11064,4.28378,29.82230
4.85846,1.90669,22.77299
2.35740,4.51999,25.74159
7.54557,5.67190,39.44844
5.36722,1.17021,20.87884
4.01963,1.13524,18.66469
9.12550,5.57818,41.78321
7.13890,6.18721,39.88385
6.27289,5.98156,37.66889
7.71978,5.13374,37.88736
8.85064,8.14196,49.21892
6.71843,2.15702,26.96848
7.23928,4.25923,34.24056
3.35134,5.88770,31.23216
4.83193,6.90269,36.95120
2.39222,3.85670,23.61397
9.57774,9.84148,55.45719
7.98514,6.04869,41.24173
8.23127,8.41492,48.91439
5.02395,5.15990,32.68814
9.25362,4.47559,39.06823
8.95780,2.55854,32.49138
8.70082,1.10425,27.36210
2.25749,4.42686,25.21701
8.06075,7.62297,46.02024
8.43297,5.14289,39.36453
9.84445,4.62933,40.57035
5.40501,3.73922,29.41054
2.10579,2.22738,17.98518
2.18403,6.06587,29.13111
4.30098,4.83323,30.53644
3.60497,5.34465,30.25953
7.29126,1.40328,26.03915
8.57008,4.38926,36.94953
8.24882,3.08118,32.92714
1.78301,4.20491,22.86927
2.25566,8.93434,38.21132
8.78246,3.77013,36.21971
3.75342,6.66800,34.36296
8.90629,1.66351,29.71127
2.90238,6.38782,32.17511
3.03326,3.42574,23.47232
5.80943,9.96301,48.96268
4.77469,2.87423,25.17942
5.82757,1.86152,24.22300
3.22621,6.87448,33.57716
3.30360,6.41696,32.40298
8.75772,4.46633,37.48835
8.07642,7.57364,45.59174
4.37309,8.92325,42.25561
6.87050,1.87507,26.58747
5.86082,8.01640,42.31193
5.66257,5.82205,35.89298
8.90162,5.27273,40.86229
5.72508,6.21541,36.87887
6.94249,4.76034,35.36500
4.43992,3.28769,25.96397
1.28270,8.35593,34.15643
4.57878,9.48262,44.62757
9.06146,2.57301,32.56283
8.47395,3.35896,33.68342
8.73722,5.30399,39.95527
8.64450,6.68623,44.81249
6.60254,5.90835,37.81646
3.01267,3.77530,24.31017
2.61152,6.93541,32.74739
1.55395,9.53400,38.38481
7.26156,6.91708,42.59182
1.93673,2.73789,19.21774
7.81414,7.25866,44.40675
9.83829,1.54395,31.57010
9.54576,9.06770,53.50707
4.80298,9.70947,45.95548
6.95320,9.50137,49.66933
8.80669,6.73858,44.50703
7.70522,4.00343,34.76543
9.82766,3.86450,38.41512
3.43102,8.11810,37.80998
8.60241,5.98324,42.07734
2.27810,7.25852,33.38023
1.09844,9.46406,37.86568
5.67616,6.90574,39.53630
3.86155,2.05540,20.70596
1.98280,1.59343,15.56951
5.61732,7.61790,40.84535
1.46666,2.97619,19.19344
7.29034,5.82476,39.16565
1.75519,8.99420,37.48416
8.70739,9.12784,51.52634
5.25246,4.97684,32.61438
4.35544,7.64703,39.04458
6.12544,6.48955,39.03947
2.25024,6.46801,31.27962
8.16148,6.77159,43.60800
9.31745,5.32386,41.39348
2.18514,3.93512,22.84096
7.06548,9.42529,49.59109
9.42008,3.29260,35.46406
1.91615,5.62976,27.77537
6.54738,1.82105,26.03706
1.31290,8.01237,33.25059
7.76105,8.45994,47.74336
1.66080,8.24246,34.82774
6.01683,5.76806,36.78794
1.51346,5.07330,25.43558
7.62149,8.88277,49.37761
8.48097,4.25946,36.81398
3.77191,9.75549,44.07880
9.18591,5.25913,40.82652
8.66282,3.39930,34.92152
3.80259,2.51641,22.11510
1.61190,1.82332,15.21828
6.87740,2.02336,26.39375
6.19301,4.55548,32.83549
9.35514,7.59838,48.80950
6.10087,9.17260,47.15145
1.19408,8.26614,34.16046
9.13268,4.12117,37.96145
7.40499,8.86181,48.20931
4.23631,8.27206,40.78535
8.95154,4.56394,38.59173
8.44625,9.88302,53.53499
1.57464,6.46748,30.00590
2.16000,4.19462,24.18159
1.10460,8.54746,34.73420
3.57075,5.14502,29.51680
6.50391,8.87194,46.58087
4.25911,5.47218,31.86786
5.64698,8.51706,43.38148
4.82395,3.02559,25.28950
1.96642,4.21942,24.04895
3.78771,5.34912,30.25775
3.61552,7.45685,36.69958
5.19937,4.80551,31.34655
2.43690,7.92245,35.76199
6.40534,6.10316,37.93523
2.83367,9.50633,40.86008
6.98286,7.65693,43.88987
5.56912,4.54154,31.64391
2.08092,9.47706,39.61429
5.48472,2.03115,23.72079
6.24071,6.42019,39.16850
7.30665,8.70233,47.23036
6.53176,2.13280,26.54100
5.87488,1.83657,24.17179
9.42558,7.63425,48.48898
3.55630,9.44270,42.70403
5.16235,3.37320,27.23548
2.31513,8.19502,36.47593
3.92541,9.83368,44.37316
2.01286,2.87861,19.44329
5.39423,4.80487,32.33244
8.81062,2.79555,32.84706
6.57267,9.86952,50.07563
4.68496,9.28268,44.27223
5.94228,5.34002,34.89631
5.11401,9.51574,45.47973
2.12867,5.58755,28.24241
8.18318,3.22993,32.76363
9.61619,4.43620,39.34956
5.38621,8.62780,43.48161
4.40972,7.36981,38.08088
6.46988,5.68597,37.05512
9.71923,8.65583,52.14911
8.01821,8.87192,49.65541
7.85523,1.86037,28.31110
2.45645,6.58305,31.84655
5.72100,5.47188,35.18510
6.02498,2.09600,25.07195
6.11916,5.05288,34.55401
3.63529,4.36363,27.06530
7.28154,3.29349,31.92235
2.93190,8.98515,39.34238
6.55905,2.49414,27.37871
2.03047,8.58570,36.63401
4.82904,2.14258,22.86546
3.87762,6.11950,33.13642
1.69215,4.62740,24.73826
3.38673,9.24099,41.98429
1.08596,7.64774,32.57705
8.85977,4.90574,39.25966
8.24325,3.63850,34.83903
2.18424,9.79407,40.92334
9.51692,2.36626,32.69008
7.18834,8.00856,45.84547
5.65389,7.38986,40.81598
6.92509,4.72574,34.87282
9.00458,7.25214,47.22941
7.99663,2.90761,31.83492
2.04942,3.04199,20.62829
8.41364,7.20306,45.63544
7.71428,9.81426,52.09288
7.71152,9.17698,49.68632
3.53916,6.87680,34.53702
1.50761,1.20636,13.43513
4.01216,4.73294,29.54874
2.93214,6.07928,31.09069
7.51557,8.64572,48.10164
7.92031,4.84393,37.31840
2.72794,3.52777,23.39304
4.09897,1.76361,20.87376
2.10177,3.77551,22.34781
3.73782,5.74637,31.35500
5.47443,1.84754,23.67455
6.06075,2.58957,26.89379
4.61990,8.90761,42.86866
4.74863,8.64980,42.74760
6.18998,8.23740,43.60289
4.06410,8.25207,39.98192
3.17425,1.24498,16.79464
2.18972,4.00784,23.86601
8.32609,6.30611,42.56625
3.01346,3.19878,22.22553
8.65426,1.06098,27.91030
1.95844,4.15893,23.79138
5.60685,5.36876,33.92772
5.75676,5.00481,34.02539
5.60194,9.18412,45.45840
8.95883,7.75866,48.09389
1.82755,3.35366,21.06209
6.66121,9.41967,48.71995
4.05953,3.33139,24.85401
2.83683,9.70618,41.35004
6.22210,9.61157,48.25275
6.45783,4.49761,32.92496
8.02596,9.13197,50.35400
9.01152,6.48121,44.19875
5.31596,9.40559,45.79266
4.09730,7.36053,36.93965
8.48845,5.08466,39.60231
5.81449,2.87235,27.64192
5.59920,5.03804,33.53259
5.70215,9.78042,47.86723
7.01099,1.53984,25.42636
5.87328,4.19037,31.70790
3.64319,9.33382,41.99571
7.46784,1.09229,25.28651
1.61297,2.90909,18.45491
5.97150,1.74198,24.02700
5.42894,8.35669,43.25840
9.50149,3.15138,35.66977
1.47625,3.69782,20.72918
7.95790,2.70336,30.52804
4.11377,9.53936,43.99700
4.09694,6.66098,35.16386
6.97084,1.41252,25.43283
1.41624,6.32340,28.59776
8.43434,5.09545,39.25361
8.33171,9.17498,51.11339
1.27067,3.07354,19.18443
2.55729,4.38780,24.91568
7.78743,5.22811,38.37795
1.12695,3.53686,19.58278
6.87102,5.48449,37.39825
5.30673,3.55774,28.25850
3.23742,1.24243,17.41711
4.81613,8.46520,41.76335
1.13383,9.32237,37.15180
8.64276,1.71045,29.72191
3.19502,3.79039,24.88772
1.42775,3.01802,19.19067
2.38818,3.79996,22.89437
1.09686,9.66563,38.21734
6.81527,3.55123,31.09528
4.51313,8.33009,41.11272
6.65730,2.10194,26.75365
6.05675,4.30033,32.25048
6.02751,4.74583,33.50420
3.94160,2.29514,22.12211
5.64813,4.81262,33.22566
4.18017,3.32600,24.89039
7.02589,2.68292,28.88946
3.22011,5.71022,31.06067
5.34321,7.41508,39.62089
7.76173,4.09339,34.93102
4.88488,6.41223,35.56933
7.66038,6.78135,43.12822
1.19188,1.15300,12.36103
4.93092,4.54226,30.78142
3.03138,6.29925,32.00742
9.64789,5.09940,41.98871
2.86734,2.98272,21.72151
2.58753,6.04280,30.49873
3.30331,4.64812,27.89733
9.09271,2.69189,33.64890
9.40831,2.75764,34.56288
7.49858,3.59780,33.20812
2.40540,3.81684,23.63009
9.95447,7.77514,49.77957
1.47360,4.21784,22.48885
5.13209,6.68102,37.10698
9.09702,6.26673,43.83035
6.92449,4.81822,34.90611
2.59519,5.87579,29.93787
9.26233,2.28700,32.72968
4.88914,5.19216,32.79520
2.02160,6.47807,30.84119
1.16450,8.69870,35.01181
5.15222,6.87624,37.81964
6.98304,9.69516,49.96715
4.16453,5.77249,32.55224
1.79840,2.45353,17.58999
8.00707,4.94068,38.15610
4.28612,1.26762,19.76029
1.95369,8.10766,34.89748
5.67168,5.86143,35.64782
6.91931,5.08489,35.97593
7.57014,9.64397,50.68247
8.56278,5.92801,41.56451
4.74294,5.38714,33.13928
4.81269,7.41301,38.56537
3.13149,3.11273,22.40883
2.94106,2.98653,21.89167
8.65116,6.65851,43.96611
5.38591,7.90617,41.17339
3.78810,5.83892,31.99305
4.73278,6.68326,36.38352
1.98289,1.78384,16.54235
3.93561,2.60044,22.80744
2.02820,7.03293,31.76994
3.72459,9.80398,43.72857
3.87642,8.38350,40.13105
4.77693,1.83751,21.97250
2.16056,1.43157,15.91797
2.56898,1.76656,17.91105
8.37093,8.80628,49.83306
7.46287,3.57849,32.26301
7.95949,7.42060,44.81117
5.43716,6.92872,38.65855
3.70686,4.03098,26.09597
4.01428,2.83840,23.78492
8.40074,3.69282,34.97269
3.64608,7.14139,35.56142
5.10749,6.09352,35.68732
5.46658,1.64017,22.40067
2.48262,7.75703,34.77353
6.30314,5.47886,36.32327
8.60088,5.88353,41.51084
1.89265,3.25989,20.79718
6.09193,9.17226,46.98561
1.19177,6.68299,29.47168
6.33050,2.29181,26.18373
1.90561,8.68688,37.33658
5.80064,3.32291,28.83892
7.89654,3.40794,32.61971
4.87343,7.66319,39.78225
6.96464,7.73810,44.24910
7.56684,1.33795,26.61434
8.42569,2.28844,30.51527
1.14881,8.40126,34.25155
5.79459,3.98658,30.36055
2.05527,2.52164,18.73484
8.18088,7.77099,46.81790
3.68411,8.98385,41.37335
6.85625,4.93756,35.34465
5.56379,6.00306,36.61025
7.43757,1.50321,25.97860
5.90337,1.07883,21.84304
7.93690,9.74263,52.31833
6.75662,8.05684,45.08405
7.25812,4.70405,35.99724
6.63464,8.42955,45.86958
6.91401,5.12125,36.01093
7.36836,1.02778,24.56586
9.83602,5.02533,42.06330
3.82817,6.60672,34.96800
6.89963,7.74635,44.12632
6.30843,1.23474,22.89191
6.51067,4.19877,32.96490
3.90872,6.08179,32.84411
9.47058,6.23933,44.35243
5.91897,9.04990,45.62575
1.23941,4.61011,22.90534
8.74673,1.06436,27.38724
1.92983,3.11394,20.50926
5.64209,1.13562,22.09836
4.58771,9.96277,45.73907
1.25823,2.17820,16.08948
2.23441,2.89684,20.05763
7.36700,5.96132,39.36159
6.08922,3.92949,31.30089
9.16357,4.99068,40.65259
5.63925,8.54469,43.76349
3.16551,1.44317,18.13564
9.58058,1.17227,29.88225
8.10993,8.52314,48.64990
4.94063,6.38578,35.81628
3.33758,6.38224,32.87867
6.80198,7.61067,43.39968
4.71006,2.65455,24.78671
4.12706,5.32888,31.43713
1.60373,3.94892,21.86979
5.29317,3.56500,28.08288
7.23937,1.36773,25.30563
5.26548,4.36106,30.21882
7.03136,4.29377,34.17107
9.72665,9.63265,55.37120
3.80020,8.73812,41.15742
6.25348,1.58593,23.85340
1.04965,5.53017,26.18731
7.64215,5.12027,37.52457
1.90440,7.73499,34.15076
5.10088,4.39661,30.28704
4.77056,9.83983,46.22320
9.61189,5.92548,44.06857
7.59363,5.93879,39.73902
1.68874,8.45662,35.49305
6.83344,3.02187,29.57356
8.41572,6.65495,43.60400
4.67727,6.99911,37.54951
1.61768,5.47777,26.46551
1.18786,8.55639,34.94423
6.29133,8.44163,44.56680
4.15004,7.31294,37.71673
5.95086,1.64619,23.93807
3.02505,2.86332,22.07437
1.07091,2.06882,15.13526
3.16422,7.82637,36.61400
6.81214,3.24902,29.90568
6.49371,3.20161,30.05345
1.71847,1.15057,13.79339
1.33589,2.33504,16.79084
3.00972,4.29969,25.78090
5.03225,5.43811,33.16748
8.05763,1.90335,28.78650
4.28458,2.28658,22.03372
3.94867,6.08586,33.05312
3.20184,4.50010,27.17020
2.12945,7.63325,34.06781
6.10075,1.05079,22.82927
8.04894,4.20617,36.15267
7.93080,8.32483,47.69165
8.39112,1.45789,27.89357
2.30275,2.35891,18.93212
7.08380,3.36900,31.19866
3.27479,8.05714,38.20047
4.39656,2.95151,24.45019
9.06420,9.52381,54.08138
6.43848,9.27351,47.82852
2.40584,2.96177,21.00017
3.30871,2.76554,22.23163
6.09798,2.23662,25.99814
4.37094,1.22389,19.75033
1.29173,4.27856,22.34315
7.40923,6.73351,41.93374
6.38792,7.88973,43.81238
6.96154,4.28720,33.53860
3.31387,2.12789,19.61936
7.52909,9.81256,51.89354
4.25804,3.85190,26.86616
7.42170,4.89998,36.64564
5.95154,3.37850,28.93860
6.90424,7.88700,44.13832
3.73297,1.28865,17.92635
2.90515,9.40700,41.07003
2.88520,3.91401,24.60193
3.10361,1.48999,17.56397
5.65819,5.14252,33.53925
7.40451,2.46080,29.53993
9.03131,1.31309,29.22280
9.35200,5.83153,43.19184
3.30276,7.74198,36.46009
4.54397,8.36584,41.53392
5.04024,2.70631,25.51372
5.55505,5.50143,35.04365
9.72476,4.09247,38.88994
7.59785,3.82635,33.87921
8.63257,8.25657,48.65094
3.22959,1.06767,16.52883
4.16766,6.90341,35.58945
4.26687,1.12147,19.19059
9.11275,8.23200,50.13962
5.30625,2.25474,24.17436
5.11781,2.46572,25.07085
2.10122,4.26455,24.15709
3.77578,5.45238,30.55711
2.30165,8.79828,38.45724
7.52218,7.38178,43.99420
8.69129,6.34591,43.17102
9.70430,7.28677,48.44707
2.86388,3.39143,23.20948
8.48192,6.00924,42.23298
8.37838,4.16802,36.30047
3.15949,7.14811,35.17904
4.80868,6.00384,34.27497
7.20733,7.03924,42.44485
6.68053,6.04049,38.94209
7.69512,3.79259,34.20727
1.81735,8.22297,35.39857
4.95995,9.72219,46.31988
8.43626,2.01458,29.50769
8.50826,9.68206,52.73041
9.98599,1.82469,32.76943
8.07975,4.14268,35.83249
5.76947,2.18261,25.52881
7.64886,9.33363,50.05729
2.77133,8.51019,38.52783
9.23682,4.58276,39.24006
1.55500,7.20362,31.55453
1.08976,3.13237,18.97810
2.86566,2.68088,21.24833
4.67597,7.33404,38.41108
7.87585,3.15478,31.94188
4.02216,8.66588,40.73588
9.05876,2.11482,31.44945
5.72226,8.92018,45.08352
2.88346,1.31942,17.06402
8.24569,2.27603,30.66533
1.76785,8.29072,35.82566
9.07236,1.99762,30.90064
5.28075,8.42783,43.20315
3.51807,7.36591,36.14363
2.59755,3.83720,24.17496
2.88414,7.17558,34.37553
6.55548,2.53820,27.24854
4.57089,6.85124,36.80905
8.58370,4.39989,37.50454
5.33408,6.44154,36.86223
1.49996,2.52470,17.10753
9.56148,5.07672,41.38142
8.77766,1.87176,29.85326
1.06774,7.52003,32.13781
5.72330,7.08344,39.94739
8.26928,1.50365,28.38386
3.66559,1.83546,19.98647
7.68606,1.64940,27.43103
4.24259,1.17959,19.15484
8.26584,9.72984,52.48781
4.21856,7.21028,36.62696
4.92686,7.76426,39.95590
6.84721,5.80296,37.77983
5.84138,4.06888,31.37440
7.66801,8.62540,48.25915
3.32444,4.12217,25.75226
4.41383,1.14571,19.59756
4.03401,2.23109,21.72650
1.58550,9.61804,39.31316
7.31488,1.55153,26.42216
7.02978,1.68489,25.66840
2.66550,9.88237,42.12204
8.46918,1.56914,28.90707
5.51242,5.13778,33.29447
2.13962,1.29140,15.43533
9.44524,1.35464,29.97140
8.93452,5.63631,42.18789
7.95821,4.49759,36.18800
1.18794,8.47410,35.02649
3.29337,8.76687,39.82599
9.22148,1.57733,30.65039
2.84831,8.63813,38.56962
1.43315,2.65361,17.83020
1.10071,6.46730,28.34928
7.26744,2.16186,27.94751
9.29887,1.24174,29.72891
5.91596,5.50997,35.41438
1.46254,7.91214,34.03242
8.38547,9.82732,53.73696
2.55794,5.64753,29.18913
6.79698,7.42343,42.90585
2.23247,9.07656,38.77089
8.59665,5.90548,41.46793
4.60965,5.17156,31.45045
9.05311,5.45419,40.97192
4.05664,4.48582,28.29292
3.98405,7.09546,35.83714
4.05540,2.82338,23.90832
3.37996,2.48150,20.78699
1.38883,7.49497,31.88224
4.11434,4.17653,27.84391
1.32675,5.11348,25.01882
8.80235,9.45228,52.68493
8.63854,8.20949,48.67699
8.01112,1.13604,26.63001
5.91743,8.26191,43.66646
7.78636,7.85144,46.60547
3.65635,9.74499,43.69153
8.88645,5.90835,42.38744
8.56048,1.59419,28.93348
1.33600,9.51527,38.26285
1.88675,8.88313,37.58111
6.95504,4.78100,35.45599
6.34801,8.69939,45.61205
2.44683,2.40045,18.65743
3.11191,2.50624,21.16971
5.38056,8.84911,44.21272
1.22985,1.02095,12.91234
4.39057,6.95455,36.51757
5.41676,5.58509,34.89824
4.96273,5.43277,33.27832
5.23885,2.01251,23.19644
7.94999,1.45965,26.86019
8.97624,9.51647,53.72245
9.68628,7.08618,48.09424
3.22395,9.80976,42.62247
9.90143,2.08821,32.60888
5.89302,2.89636,27.15882
2.38634,3.84926,23.57171
7.12696,2.06699,27.55417
4.42413,8.42812,41.54197
9.31868,8.94852,52.64568
6.34769,5.83402,37.48095
6.01160,5.04720,34.60104
7.80104,6.82814,42.60753
1.99147,2.44035,18.43458
3.66000,6.71912,34.10226
3.69309,4.31613,27.10312
5.22288,7.76322,40.92845
7.38678,6.91495,42.42801
9.19866,5.54040,41.82819
4.49084,7.81225,39.32034
5.12095,3.66650,27.90693
3.12303,5.30486,28.66675
7.80300,9.73110,51.45177
3.68757,4.90452,29.23219
9.45372,4.54142,39.69626
7.25792,1.91078,27.08017
7.56936,7.64781,45.46372
1.27835,5.60001,26.70856
3.47081,1.51546,18.43799
2.04381,1.34644,14.78621
4.27385,4.19059,28.55795
6.34699,4.97474,34.94515
7.13201,5.48975,37.91631
1.40291,2.44224,17.42291
3.91871,8.95145,41.41193
4.29782,8.99455,42.31781
4.44186,6.53083,35.66080
2.26307,8.90038,37.85684
1.87241,6.10094,28.69736
3.20798,4.45134,26.68812
6.93565,4.62216,34.88818
3.77138,9.04207,41.58650
4.97911,9.93350,47.16116
6.67423,8.15637,44.94471
4.62077,9.22497,43.64219
5.85438,2.68567,26.77195
5.07984,5.66016,34.47962
2.47210,9.63763,40.70692
2.89086,1.09475,15.90976
4.56539,3.02852,25.18234
6.53853,5.02939,34.87210
6.31049,4.29303,32.70279
7.28199,4.51108,34.90832
6.81929,2.54524,28.12549
8.23458,2.15750,30.08048
3.63853,9.25547,41.94719
7.10507,5.61184,37.80013
7.14064,4.70469,35.10548
8.34498,5.86971,40.89562
3.80644,7.60737,37.67654
7.87033,3.39230,33.10132
9.02210,8.52401,50.34160
4.21706,4.22428,28.28123
3.82195,2.00976,20.95623
1.61764,3.79566,21.64970
4.44738,7.13925,37.61353
7.40337,5.92612,39.66103
7.59373,8.58341,48.15175
6.73690,2.17874,26.74821
8.92809,5.47027,41.40011
1.57808,1.30206,14.17597
7.78907,3.96643,34.09064
7.28262,7.78771,45.26293
9.90552,8.29412,52.00849
5.93316,9.54599,47.85676
7.01022,5.00247,36.32352
5.08932,5.54526,33.37032
5.39132,5.89311,35.75191
5.33731,4.33381,31.15556
7.51469,8.94538,49.26638
9.60101,1.10206,29.44624
8.39175,3.07529,32.83078
1.61297,7.14180,31.83052
3.87154,7.97562,38.53870
9.94527,8.82131,52.92873
8.25238,3.59389,33.81618
3.20337,3.55295,24.08594
4.66351,8.89996,42.80963
1.91750,7.96644,34.61504
7.08932,1.98879,27.36007
7.16305,9.26851,48.86365
5.35096,1.09883,20.77341
4.42407,8.94340,43.03659
7.62328,5.67872,39.36669
8.03357,6.08056,41.74874
5.35596,6.32727,36.65941
5.45872,7.41511,39.67420
5.74057,9.99052,48.75859
3.36108,6.96727,34.14906
4.67050,8.48844,41.44545
5.79200,5.85184,36.35140
7.86081,1.67238,28.21680
4.16270,2.66144,23.55842
4.29400,3.33199,25.44894
9.85980,5.97370,44.87477
4.11032,2.41806,22.30301
2.85685,3.59098,23.72592
7.58402,4.53889,35.78743
1.22035,2.06172,15.51372
5.35415,3.87772,29.12247
1.73560,5.78370,27.50689
9.05707,5.72423,42.02051
8.18189,8.48053,48.57144
4.42335,7.35449,38.37453
3.98614,7.28570,37.10292
1.82937,3.64674,21.77175
7.14376,5.37639,37.55504
5.71497,8.71561,44.88103
7.25213,3.56801,31.93640
8.57298,7.11145,45.69258
8.69686,2.70633,32.31668
6.33638,6.50864,39.46023
4.29424,8.77118,41.51128
9.62255,8.38442,51.31877
2.60981,1.16185,15.96077
6.26863,1.46043,23.52173
2.25619,5.75185,29.21704
9.45317,6.91387,46.20731
5.51150,9.46236,46.66743
6.67690,1.64094,25.15217
6.43595,7.12637,41.41932
8.81475,2.64024,32.96391
7.69923,3.63072,33.29180
4.51123,5.68511,32.92127
5.79732,7.11301,39.54370
8.85123,5.96874,42.25030
5.73599,2.79172,26.48528
2.02903,5.60566,28.09031
5.06625,4.92076,31.60832
1.79342,4.96169,25.88816
7.65681,8.55578,47.69924
1.43527,2.43503,17.57573
5.16707,1.72295,22.12918
3.22105,9.44792,41.51227
8.76315,1.02591,27.35568
4.90540,6.69811,36.43741
6.39293,7.97033,43.47534
5.27101,6.75764,37.74242
8.72566,4.90422,38.81975
7.69229,7.82298,46.25466
7.46898,7.54725,44.59111
5.89256,3.72664,30.00931
2.35460,5.98959,29.62895
1.64374,7.08422,31.23410
6.01078,3.42135,29.01844
3.55993,2.02663,19.89532
9.20453,9.53075,54.47074
4.59481,4.54427,29.83095
3.38628,2.11978,19.91982
8.40467,3.62025,34.37463
5.26617,8.73244,43.78039
7.04435,2.98789,29.59754
6.77027,2.90382,29.72653
8.72436,1.28629,28.01322
1.32929,5.17183,25.65626
3.56841,4.40098,27.45297
3.81744,7.95732,38.26226
8.46769,7.25143,45.96214
3.63146,1.34632,18.41634
4.05383,2.71932,23.75166
2.08290,6.76691,31.08258
9.92364,5.24829,43.01156
9.78666,5.03113,41.73046
3.24806,5.17379,29.03909
7.99073,1.98894,29.12399
8.60115,1.12010,27.53475
9.83566,1.26251,30.12880
8.87210,3.91692,36.62753
1.99520,1.85803,16.49134
6.86009,9.72554,50.31183
4.71921,2.19853,22.63104
4.76762,9.07596,44.19479
2.42072,7.21671,33.18673
9.95744,9.10170,54.23821
4.81914,8.66733,43.05025
7.05391,3.22952,30.71916
4.30308,1.37115,19.35928
4.36668,4.66887,30.18271
4.51402,7.27236,38.32309
6.59423,2.04616,25.89211
5.79730,1.07870,21.45132
8.50088,8.90354,50.86065
9.11384,7.70282,48.11542
4.68782,6.07649,34.98909
7.70203,7.66628,45.89201
9.21307,7.41003,48.14080
7.49208,6.93083,42.49320
6.46256,8.88139,46.21379
7.64750,5.72733,39.18462
9.13008,9.81165,54.78974
3.97139,2.37122,22.48462
9.56879,8.25490,50.55880
2.64281,2.55473,20.02141
2.21833,1.65901,16.83100
3.87884,6.83263,35.31961
1.51516,6.15134,28.39952
6.66504,3.98887,32.25633
9.79984,8.63137,52.33959
4.78246,3.44516,27.14751
5.19142,6.91273,38.43889
2.45396,6.44319,30.85334
5.43885,1.96876,23.33514
4.58984,7.27028,38.45874
1.71579,7.64685,33.75782
4.99246,2.18391,23.04990
3.95141,9.49862,43.60655
7.33437,8.03134,45.61911
9.27655,5.13797,41.12906
8.77561,3.12679,33.55746
5.56057,2.59273,26.25945
7.97087,4.87562,37.28265
8.86037,7.23224,46.13632
1.00221,4.66724,23.19864
7.07740,7.64762,44.45604
7.58387,6.92058,42.53112
6.73517,2.19298,27.15715
2.26570,2.43502,18.82994
9.46743,8.68819,51.71987
4.45349,8.58255,41.54224
7.52848,6.61056,42.10528
9.68522,4.17367,39.21721
4.55473,9.13487,43.90409
5.51726,9.73506,47.57886
2.35637,8.14933,36.23033
9.04872,4.42310,38.02703
6.64550,1.97583,26.61076
7.78972,2.09429,29.30250
4.94869,1.53642,21.17346
9.90628,1.39221,31.05532
2.09738,9.87190,41.11420
6.12700,1.77617,24.42890
4.31207,9.87542,45.19571
4.31417,6.66240,35.43844
8.95111,2.20657,31.40318
3.89254,3.44885,25.62120
7.56174,9.91928,52.21558
2.76827,7.12185,33.79251
9.13673,5.64785,42.62604
9.13357,5.36609,40.95432
3.08706,3.35041,23.44125
6.50448,3.14029,29.35219
4.46894,6.92546,36.78795
4.65324,3.04567,25.87908
1.07641,8.29772,34.13254
4.65098,8.63933,41.87259
5.55594,5.78912,35.55903
7.13513,2.64299,29.13183
1.04922,6.94942,30.39541
4.23394,8.29339,40.20302
3.85149,3.74845,26.18398
8.23830,8.48158,48.90203
9.72540,4.56850,40.34781
3.36177,3.98826,26.06358
8.23001,8.03898,47.84864
1.25602,5.37145,25.18323
5.19830,1.16379,21.13454
3.17555,8.87093,40.22554
8.39895,6.67519,44.06311
1.83810,5.73407,27.41453
1.00152,2.97358,18.13212
1.88698,2.99213,19.89220
6.14491,1.17375,22.34643
7.40030,7.17801,42.91186
8.76529,4.57117,38.00513
9.28990,6.92673,45.89779
3.94372,8.45133,40.06746
3.88092,4.29235,27.81151
2.46059,8.74890,37.86049
9.09507,8.89975,51.99519
9.85539,6.99243,47.88381
7.62102,6.43414,41.15959
2.56850,6.17561,30.59199
4.27000,4.04672,27.24368
5.73567,6.93714,38.83115
3.12481,8.65696,39.57637
5.61379,1.36123,21.98035
4.14071,9.00864,42.04011
9.66676,6.29926,45.23245
8.09282,4.34371,35.75242
6.83954,2.44770,28.01506
4.55409,4.76358,30.11601
8.81423,4.23612,37.42519
8.03029,8.89821,50.06001
9.25824,9.39218,53.39968
8.90145,3.67329,36.27313
5.11902,3.77590,28.80970
4.82577,5.98505,34.46135
3.83032,1.69022,20.10233
2.86550,5.81387,30.01322
1.74830,7.72650,33.35324
3.90152,5.12977,30.34064
9.77995,5.61570,43.41633
6.20092,9.57790,48.01994
2.14222,6.48863,31.17364
7.69791,1.41751,26.83418
8.08449,1.09477,26.00146
7.82966,3.75470,34.08795
2.64344,8.06882,36.73910
5.51360,7.69276,40.61598
6.57581,7.05043,41.31019
3.12549,8.23246,37.79211
1.23084,5.57183,26.43433
5.60083,1.87821,23.57365
7.59972,9.84572,51.67630
6.00245,3.33745,29.09417
4.23572,1.54643,20.14696
6.67333,9.88007,49.72053
7.52398,6.17858,40.63414
3.98648,5.47104,31.70133
6.61795,9.52736,49.26839
4.68545,9.67578,45.26720
3.71199,9.09121,41.52733
8.98166,4.67460,38.61969
1.75898,7.21224,31.65687
6.62129,9.66870,49.16608
1.25409,5.00530,25.00260
5.32047,3.43083,27.69428
4.97476,4.84796,31.39549
2.17570,6.71213,31.93775
6.20517,5.73020,36.91720
6.47144,6.19237,38.68058
7.87424,5.55618,39.25897
8.38464,2.08932,30.00163
3.67141,1.26175,18.40091
5.28436,1.18932,21.23075
5.94168,6.17249,37.46461
1.12223,9.90977,39.17150
3.46685,3.12884,23.09172
9.80579,1.09385,29.75984
6.87487,6.18107,39.03486
2.17013,1.85886,16.74536
8.77821,6.14222,42.91334
4.48494,6.70354,35.66057
6.69638,4.53172,33.82813
2.49008,5.66969,29.26956
2.18889,3.83078,22.76298
7.53710,2.85351,30.75297
2.78987,3.37034,22.72547
1.51704,1.54648,14.69581
5.35750,1.37327,21.74680
7.69271,4.13126,34.28517
2.31987,9.08776,39.05520
9.71710,3.08163,35.58963
3.81868,1.98398,20.59967
9.00584,2.97122,33.89598
4.72832,1.78315,21.66246
5.08087,1.72339,22.61244
4.08375,7.25748,36.48031
5.17854,6.90898,38.56996
1.64032,4.96623,25.61208
4.49347,2.09643,22.34779
7.31617,3.36113,31.28315
8.56068,1.93366,29.99871
1.93751,4.16991,23.43882
2.76142,4.01477,24.57272
4.01193,1.53717,19.70945
9.36820,4.91612,40.24401
8.45163,7.53290,46.60733
1.13245,9.33412,37.61865
2.79250,1.66809,17.40403
9.06897,7.64128,48.49680
2.61577,3.95633,24.42630
6.20475,1.15052,22.36944
4.56798,8.22752,41.28927
1.72370,8.63850,36.73956
7.60510,8.59613,48.02753
2.74342,5.73161,29.27269
9.00513,3.88088,36.95541
6.74963,1.64637,25.68138
2.08699,3.00840,20.12392
8.16545,1.51381,27.58693
1.77847,5.98705,28.69378
7.88386,1.54953,27.18832
6.41717,7.66066,43.02130
1.89190,5.65463,28.06416
1.14696,5.26524,24.95031
6.48694,3.74911,31.23207
2.87176,9.43181,41.50533
5.09872,7.53089,39.86125
2.86578,3.54768,23.26041
1.12060,7.49363,31.68367
6.98005,6.98623,41.94440
4.62253,8.17598,40.66151
6.05082,4.39717,32.69545
7.19465,9.11862,48.87196
1.52429,1.90188,16.08621
9.62128,4.94968,41.56985
1.77927,8.42409,35.72638
2.02163,4.07418,23.22867
1.96493,2.39732,18.50368
1.60784,1.48306,14.47568
9.18183,4.94319,39.72966
9.39022,1.95419,31.94542
3.72512,1.52035,18.78327
5.44982,2.27681,24.49236
7.08817,3.32491,31.46896
3.08943,7.31326,35.42347
5.98649,9.23355,46.56099
7.38009,7.99841,45.83840
6.70717,6.11167,38.99892
6.35404,8.50650,45.64228
4.87913,7.32577,38.84559
3.63520,2.69603,22.51399
8.62219,7.45901,46.70099
4.08206,8.91610,41.77907
7.50062,4.27025,34.53904
3.15806,4.34662,26.82636
2.61923,6.07485,30.37965
8.73141,4.49165,38.06360
2.60496,1.02871,15.27008
3.41008,2.11287,19.92770
2.16738,5.42874,27.44645
7.55924,5.42144,38.11619
8.18657,5.14929,38.80752
6.96803,7.34105,43.14489
8.90921,8.35150,50.11347
1.86176,2.30405,17.60528
3.45071,7.19854,35.42486
1.41341,7.84485,32.96224
3.21071,3.52476,24.35167
4.00943,4.04413,26.87432
3.07970,7.41378,35.49061
4.24290,7.38820,37.15597
6.02128,6.08641,37.02958
6.26337,2.85563,28.32586
4.56216,9.82248,45.73743
2.88850,9.95081,42.85266
9.22491,4.35013,38.50979
8.69135,1.37294,28.93968
3.25024,6.15339,32.26739
4.89896,1.92715,22.50717
2.28165,9.63921,40.49776
9.40604,9.10454,53.00372
4.44271,4.75449,29.83036
8.81821,2.60475,32.22174
7.30823,1.78762,26.66312
8.89205,2.42809,31.69635
1.25083,2.94366,18.32479
7.38677,2.69400,29.46688
9.07702,5.33215,41.32582
1.68677,8.65855,36.76607
6.73891,2.42016,27.26614
3.24326,3.38592,23.31068
2.55943,7.77338,35.63526
3.30660,7.50392,36.51769
4.24088,5.37008,31.42242
7.63322,1.10221,25.55956
8.95082,2.28678,31.31466
4.45445,9.95298,46.03833
9.80363,1.81591,31.90617
3.58021,7.92134,37.46720
5.06209,5.00968,32.40841
5.43643,5.00628,32.70051
6.98457,7.48855,43.43367
3.64338,6.39550,33.37361
6.81767,6.28213,39.41087
9.97230,6.05207,44.83448
4.25798,2.21679,22.53289
9.36103,1.92675,31.25535
1.50615,8.34059,35.47915
7.18809,2.61218,28.92311
1.66719,7.05190,31.55826
4.70796,4.97587,31.57845
5.72020,2.18549,24.90988
3.95661,4.90741,29.24471
7.13310,6.62903,40.97183
8.96292,4.25628,37.91684
1.10435,2.44778,16.72747
7.78998,3.48795,32.69599
4.92882,9.05590,43.55858
5.73314,8.70727,44.53827
6.40692,3.77558,31.61894
3.77137,3.57105,25.18069
2.69737,5.40580,28.88687
5.97631,1.06775,21.77737
5.34617,5.11421,33.46658
1.22318,3.93086,21.72546
6.10446,4.50281,32.96461
1.13559,3.57869,19.76471
2.11738,5.67212,28.27467
4.98798,8.08690,41.45703
6.58475,4.11174,32.65857
7.53443,7.22215,44.10592
2.13280,8.20225,35.75613
4.32888,5.70278,32.36808
6.50307,7.24195,41.77784
1.74537,2.93615,19.45269
9.52456,6.32355,44.78246
5.17121,7.31872,39.57477
2.23114,5.47090,27.82606
6.13284,1.94175,25.30096
1.44782,6.12678,28.28985
5.22398,5.74853,34.58474
3.44177,3.99018,25.86837
3.55077,2.34524,21.35392
6.73373,7.25183,42.33132
3.34106,3.82195,25.14719
5.02435,9.84682,46.47944
2.69641,6.79525,32.41576
8.10833,7.49008,46.05314
4.08810,3.18065,24.52947
5.08353,7.71074,40.02283
5.40225,1.22156,21.48483
4.31473,7.99600,39.35402
4.29555,8.17313,40.00112
5.05545,1.53563,21.77792
3.00601,5.14825,28.81867
4.77910,3.57496,27.33848
7.32389,3.93151,33.02444
9.67854,2.73258,34.52854
5.05129,9.05802,44.15191
5.32534,5.01352,32.81849
5.20672,3.59953,28.57995
8.69733,5.19760,39.61219
6.64128,9.77531,49.33162
3.27681,7.77029,36.82664
7.24426,9.82773,50.62782
7.98768,3.06410,32.08414
7.56068,8.42389,47.76342
8.43922,4.16118,36.20438
8.11281,5.11631,38.25088
4.62221,8.39426,41.33949
8.58847,8.96763,50.63491
8.99386,5.46129,41.07165
1.50993,7.38762,31.87430
8.46845,7.92333,47.92336
5.04888,9.31011,45.09156
9.40086,6.66746,45.98270
2.61344,5.79385,29.71720
1.52560,4.60537,23.82141
5.88206,5.11858,34.44244
2.87430,8.58224,38.29817
1.01909,2.20502,15.91085
2.61425,4.65283,26.02557
2.65824,8.52568,38.06690
6.91662,1.25860,24.56690
8.06932,7.08862,44.08151
7.40614,3.52889,32.74613
8.49499,2.12278,30.21377
8.45101,3.24169,33.46863
4.53537,2.72299,24.00522
3.81780,5.90259,32.19054
7.72711,2.27882,29.60310
1.19197,3.25482,18.82245
1.84530,1.94669,16.48045
6.51030,4.65552,33.83859
8.30327,1.91981,29.73703
8.55490,4.23059,37.13108
7.07530,9.66208,50.34818
8.29948,9.47353,51.79463
9.02374,4.91578,39.87695
7.90825,7.02917,43.74507
6.53674,9.02569,47.31312
4.20602,5.05412,30.75103
8.95036,8.37994,50.11077
5.24272,2.78624,25.55452
7.73338,3.57433,33.55142
6.19981,8.04169,43.85603
6.94345,7.68957,44.09975
2.78615,2.72529,20.83963
7.62177,2.52424,29.31863
8.38936,4.71586,37.58490
7.87607,2.14856,29.59958
1.77443,6.60080,29.97296
6.97490,4.34543,33.88571
1.18045,1.92440,14.71540
6.63155,2.22780,26.53624
5.85770,6.92766,39.49526
8.87548,5.88285,42.42508
6.91802,3.65332,32.14812
4.90529,3.49998,27.28101
2.56127,5.67434,28.76781
6.97159,7.42642,43.14965
4.14778,1.59068,20.19182
8.69967,3.95169,35.77868
3.16489,9.11109,40.94206
3.19866,5.24178,29.48135
6.01223,1.72359,24.52883
7.23639,4.33589,34.25337
7.70197,5.88118,40.23184
6.58995,9.77287,49.80491
4.13015,1.90330,21.36458
6.83590,3.02623,30.22118
8.35006,1.49819,27.88003
5.69827,4.82584,32.95765
2.13647,5.32721,27.00160
2.68733,4.80741,27.24322
6.02557,1.31877,23.23632
6.48143,4.45357,33.62630
4.03555,3.61506,26.37090
3.36073,5.38645,29.69070
2.75897,1.87148,18.01494
4.07607,5.36339,31.40176
3.24805,3.33990,23.49781
6.80840,3.79053,31.59295
7.90730,8.14718,47.43175
5.27770,4.87409,31.94205
2.53295,2.51446,19.19707
4.58671,4.29028,29.13154
9.64429,8.40705,51.20461
7.46332,7.42543,44.48373
9.11383,4.64832,39.05339
3.19702,5.06683,28.63168
6.50408,9.11729,47.33398
6.49901,4.43362,32.97939
3.82067,5.50278,30.77855
4.13600,6.07810,33.60149
1.08075,8.98129,36.45399
8.15868,9.76234,52.39576
5.32990,6.27451,36.81424
9.72689,8.55617,52.59500
8.30735,8.63461,49.97174
2.73647,1.97805,18.53912
3.07807,6.02090,31.14168
8.11562,6.86186,43.37583
8.02991,9.46366,51.55090
3.85919,2.64355,22.84375
6.25769,4.01671,31.83283
3.88723,7.39060,36.80208
2.55655,6.18472,30.80518
3.28205,5.16900,29.20512
1.36789,7.16299,31.06162
2.76280,9.66128,41.95653
8.11477,4.47332,36.56212
3.11852,4.37306,26.75216
4.72277,4.55464,29.97491
5.05147,4.19312,29.44194
