9.77554,1.98790,32.69710
1.91503,1.10520,14.45788
4.92414,7.75760,40.06720
4.34923,4.30765,28.58446
3.37670,1.84293,19.71705
1.68869,6.88467,30.87626
8.81796,3.10354,33.75519
2.55407,2.39768,18.95302
7.28236,4.79975,35.75921
1.35118,4.74198,23.64792
9.19158,9.73880,54.52857
4.01402,5.70096,31.67528
9.02272,7.54244,47.43136
5.79130,4.33858,32.02607
2.67163,8.86630,38.80799
6.21096,5.12060,34.53123
4.24305,4.96207,30.28566
4.74782,9.29485,44.49445
6.18859,7.13930,40.84017
1.18381,9.45043,38.21091
3.98455,5.18587,30.39505
7.18277,9.40730,50.01253
6.85775,9.80440,49.81822
2.94115,1.18885,16.67035
3.83276,8.46635,40.55484
3.07731,5.71823,30.67467
1.91147,9.94449,40.48872
6.57312,2.48655,27.30301
2.24693,9.48021,40.12670
8.61133,5.38808,40.49990
6.83531,3.95619,32.46129
4.94679,4.43975,30.01697
8.12060,4.90064,38.35773
9.44014,6.15166,44.73045
5.49853,3.83332,29.47098
9.08090,1.45337,29.62028
6.64177,8.00994,44.23752
7.17285,7.93698,44.70871
7.16600,5.08160,36.42051
5.28881,3.58938,28.53162
8.91700,7.16606,45.92232
1.14905,5.93396,27.30423
8.92236,3.37359,35.43358
8.94955,6.89664,45.37346
5.13886,9.40296,45.17981
2.32870,2.19368,18.33749
2.35457,7.84840,35.25497
1.80263,3.36218,21.15845
1.31325,5.40026,25.82683
9.76643,8.49093,51.58623
5.20464,6.71949,37.46111
9.50541,3.90448,37.38604
1.50182,3.14768,19.77136
6.16197,8.14851,43.35444
9.56758,9.72875,54.98544
3.92794,7.01549,35.52990
1.87086,7.54502,33.39835
4.72114,9.88459,46.15675
1.14919,3.60676,20.12359
6.83848,3.61512,31.20279
3.64461,3.07139,23.40558
5.89461,7.12043,39.77661
6.84383,8.19761,45.35767
1.77748,1.67485,15.65162
6.13043,9.32230,47.70034
9.53546,4.68370,40.27505
1.15028,4.67457,23.39073
9.57021,2.66253,34.20392
9.27366,5.61686,42.19231
8.23540,2.21538,29.81494
6.66427,5.50965,36.69778
6.73403,7.23079,42.20092
3.23101,1.78486,18.39775
4.25671,5.65605,32.93260
9.88386,1.03695,29.87444
3.91626,6.60071,34.83307
3.27229,4.80112,28.44721
4.43291,9.52380,44.76056
7.00771,8.10961,45.76449
7.96639,7.76367,46.01393
2.80730,3.70190,23.83535
2.89713,4.00721,24.94966
6.69780,8.65156,46.01043
8.56516,1.43396,28.28734
8.76473,9.46405,52.82884
7.90785,9.02850,49.67075
2.48625,1.91863,18.19326
6.43716,3.09456,28.99442
3.80375,9.81427,43.97457
7.84449,2.78439,31.53215
9.39491,1.40370,30.01852
7.77915,9.53305,51.37333
3.15626,1.89620,19.14593
4.87618,6.48999,36.26082
2.32278,5.71971,28.35462
4.87869,1.13501,20.04617
9.44107,2.06757,32.38815
3.38355,8.10186,38.14133
9.87814,8.76693,53.54508
5.72630,2.03480,24.79907
3.80792,4.29518,27.40619
7.96046,8.22339,47.31274
4.45453,2.63603,23.44644
6.07384,7.64967,41.73729
4.72909,4.98204,31.19932
2.85729,3.44846,22.88956
9.77438,4.93038,40.92351
4.38168,6.28893,34.17328
9.56428,1.59840,31.22641
6.06864,8.53106,44.84366
8.77723,7.79358,48.21007
7.70785,7.29167,44.66522
8.37357,3.81138,35.36356
8.55532,2.55027,31.56871
8.81733,7.61144,47.14667
3.69966,8.06595,38.76538
9.76165,8.83364,53.26325
1.64282,8.41779,35.60872
3.89819,1.98897,21.08804
1.13560,5.31839,25.28366
6.44791,2.62955,27.83779
9.48028,3.36936,36.13009
3.16647,4.72185,27.79238
4.88523,8.91252,43.36132
6.05036,6.53585,38.88762
9.12731,9.03935,52.79635
7.73352,9.11667,49.38740
4.99450,6.55576,36.54057
6.10922,7.91478,43.31534
9.63093,6.38483,45.33783
3.50672,2.11386,19.89197
1.98441,6.02239,29.36148
8.36936,2.57505,31.26093
6.58302,7.59749,43.43858
5.37290,9.40655,45.59692
1.65677,8.05969,34.46600
5.12536,1.49313,22.08291
3.64073,2.35740,21.66680
1.83883,3.10543,20.28013
8.40047,5.93547,41.72447
4.51923,5.51438,32.52172
4.17605,1.92041,21.21505
4.38181,1.44256,19.92442
9.92151,5.69670,43.88553
7.53442,5.34061,38.43570
9.83015,3.69343,37.55841
1.36701,3.89339,21.74795
2.03587,7.34750,33.17224
2.79998,2.56319,20.00362
7.52812,7.21250,43.24335
7.29356,6.94215,42.49870
8.62557,1.99601,30.53853
4.48267,2.04671,21.81787
8.84956,4.60445,38.07716
8.06406,2.62881,31.44119
9.34781,3.18739,35.36637
6.26017,4.10222,31.45967
8.37024,1.11302,27.31828
7.60533,2.83157,30.50947
1.43730,5.18219,25.01359
3.66378,5.24902,30.16732
7.92342,4.02707,35.16104
5.70948,6.49675,37.67264
2.76601,9.63374,41.62562
3.49554,2.19682,20.79030
4.79391,2.79051,25.37523
7.92334,2.29989,29.77551
7.11493,3.27794,31.05690
5.27242,6.80233,37.64420
1.56950,9.43700,38.61570
9.10107,1.48478,29.61573
1.65260,7.55141,33.40650
1.10859,6.72006,29.59481
4.82927,6.13660,34.94838
2.33586,2.21128,18.71795
8.27969,6.10485,42.17872
9.86056,2.04973,32.38956
2.63860,1.57753,17.13461
1.92078,4.25598,23.77357
3.71385,4.68669,28.45211
2.26687,2.21743,18.21131
5.56512,8.64003,43.93617
6.23464,9.76090,48.62393
8.29428,5.49501,40.04751
7.80375,6.41847,42.24342
6.19506,5.70894,36.33567
5.53600,9.73271,47.07810
9.17601,4.72347,39.75969
3.80636,4.41266,28.10557
2.90762,9.24958,40.72705
4.36343,3.79076,26.64916
8.94941,1.06602,28.35013
6.85815,2.16913,26.85717
8.62404,6.08886,42.71050
4.06740,4.60234,28.70343
5.62493,1.93722,24.24605
5.06133,3.81591,28.61053
4.83887,4.26927,29.08568
1.11822,4.62273,22.77008
4.47309,8.96565,42.57164
3.70802,9.78943,44.14159
3.21808,1.40305,17.44700
8.07907,5.23485,38.75638
3.57496,8.24576,38.63707
7.03755,3.12345,30.43386
4.00198,3.92670,27.26054
7.35793,9.19103,49.15175
1.63184,2.41571,17.39913
1.65400,1.41595,14.13483
6.55152,2.91939,29.25882
1.85916,8.93073,37.34321
3.94339,7.36670,37.32184
6.85733,2.12825,26.74832
7.01527,7.31557,42.93996
1.00117,4.55875,22.96872
4.41588,4.54584,29.36827
5.83431,2.18668,25.56673
6.14816,7.31155,40.93676
6.95989,3.43393,30.77143
8.55325,5.93265,41.85002
6.35008,1.74279,24.63440
7.12041,4.98737,36.20220
9.63699,5.65608,42.75205
1.49863,5.65345,26.48621
7.21339,7.88018,45.35353
8.32669,8.31173,48.42861
1.79656,2.17538,16.82946
6.51960,6.04735,37.85808
6.33663,1.52936,23.91438
9.78174,4.17774,38.91704
9.94454,5.85332,44.06494
1.79312,8.08196,34.67225
2.84785,8.85166,38.80756
8.10765,9.07331,50.72199
4.56609,9.99063,46.56024
2.10593,2.28727,17.78533
1.54091,6.09435,28.24827
5.55932,1.79086,23.96674
7.40345,1.30196,25.68248
9.42353,9.35931,54.12607
3.67275,2.74661,22.49067
8.89274,7.58414,47.33304
8.33320,9.92945,53.68364
4.30852,8.46887,40.66441
3.27260,6.95708,34.13493
5.59674,9.95722,48.27155
5.92136,3.35545,28.69504
1.12937,6.51413,28.62702
3.82215,2.68577,22.79838
8.45260,9.76835,53.10350
2.58422,7.61559,34.98643
5.87184,5.08215,34.12121
7.81071,6.92595,43.57657
4.13968,9.61030,44.31579
3.20853,4.92021,28.52821
6.11530,2.47923,26.87633
3.35800,5.62430,30.68592
5.63675,1.44256,22.66610
6.78126,1.76719,25.94836
3.15577,4.91208,28.04657
3.94003,7.41647,37.34048
6.69501,2.32181,27.10268
5.90667,6.29426,37.77223
5.63223,6.92156,39.43636
5.45567,5.91441,35.44435
5.86889,3.52332,29.40253
4.35331,2.92279,24.30090
7.44838,4.70804,36.36368
2.38785,9.66546,41.21158
9.71049,1.52476,31.13147
3.94866,5.98078,32.82675
8.56295,6.15181,42.37117
4.39788,9.75699,45.36419
4.35834,1.07599,18.95976
8.64765,6.47010,44.10493
4.46337,9.52912,44.74389
1.22212,9.17183,37.12573
8.93011,1.23251,28.10877
7.78718,5.96882,40.02251
1.68918,2.29831,17.13422
8.12972,4.58864,36.77243
1.46666,5.18659,25.78733
2.00913,3.27849,20.74728
5.21277,5.23374,33.58459
3.26174,4.51618,27.35693
4.27802,7.52976,37.84677
4.81590,2.56655,24.35921
2.68348,9.34970,40.39881
4.72726,1.12835,19.37577
4.43723,6.70581,35.76079
8.11091,4.50266,36.48138
1.88110,4.39386,23.56249
6.54314,9.81132,49.76135
7.95499,6.51837,41.96581
8.73598,9.88564,54.33581
4.54402,3.50770,26.90238
9.93896,3.51871,37.12226
4.50579,2.21908,22.90582
6.69826,1.95174,26.71559
1.45204,3.98844,22.05807
6.83568,6.53649,40.53469
8.31839,7.94490,47.54509
1.01771,5.86141,26.13643
2.65545,5.29274,28.57967
4.64535,1.58604,20.89404
9.95258,4.11926,39.44454
5.61399,4.43777,31.81278
4.99045,1.01845,19.99780
3.42345,1.60237,18.37636
6.13300,9.34321,47.28355
2.26832,1.85426,17.38600
4.39432,2.48705,23.12232
6.50205,1.48698,24.58827
2.16415,3.18676,20.44474
2.61036,9.36118,40.72926
1.57529,9.86936,40.14298
8.96774,2.93133,34.01442
8.50535,3.00836,33.17970
9.51239,3.26445,35.32881
2.15689,7.27694,32.82063
1.81877,9.70494,39.76415
3.04746,9.06317,40.18257
4.79488,4.88659,31.48964
1.73027,1.31377,14.52315
1.09447,4.77007,23.17299
8.20477,9.03535,50.15356
7.66375,7.01700,43.30696
7.23719,5.13143,36.78005
8.65963,5.98949,42.26963
3.09117,6.92030,34.17186
5.32249,2.11115,23.61851
5.61818,8.90576,45.08832
8.10411,5.32136,39.04594
8.98818,9.45126,53.49995
1.68139,4.11731,22.60811
6.95152,6.93000,41.64726
7.54324,7.94889,46.41017
4.19680,4.93289,29.71916
9.32092,4.58582,39.08177
5.86088,9.64501,48.08397
6.47473,5.26302,35.36716
5.06817,8.89725,43.39557
1.33380,6.69514,30.14624
4.99659,8.68384,42.72462
8.00740,3.01265,32.37131
5.54062,1.11672,21.53647
9.56156,2.56297,33.45782
8.77368,5.39273,40.58155
8.95023,8.24898,49.35078
9.27863,7.32187,47.74359
8.48992,7.52219,46.07879
6.24693,1.55859,24.28619
5.02434,4.58343,30.30983
3.22415,6.21176,31.66473
1.35850,6.49384,29.55944
6.77831,6.33440,39.70988
7.86885,2.72947,31.33140
2.53795,3.82582,23.77282
4.07476,1.83915,20.61027
6.45381,7.15005,41.69876
5.92096,3.02303,28.26111
9.70499,5.44945,42.33979
7.31561,1.64674,26.20721
4.10156,3.56496,25.87164
8.81167,7.51139,46.94050
7.90461,7.31579,44.32840
3.54612,7.36981,36.46283
6.28892,8.54821,45.13431
2.45864,1.95782,17.34065
5.61100,2.89318,26.98971
9.29183,8.09899,50.18835
5.76371,8.93367,44.86579
7.06892,3.28404,31.36486
4.00519,6.05634,33.50845
6.73357,7.15418,41.57351
1.62893,7.33980,32.15960
6.81263,4.69513,35.19338
3.00933,7.80406,36.56986
5.23207,7.02144,38.48995
8.69500,9.43860,53.10126
6.04229,5.46463,35.05379
8.67212,7.90626,47.69834
5.90965,9.24876,46.44003
1.12414,9.55256,38.27561
9.34416,7.24858,47.93364
4.39278,5.85195,33.33518
9.01967,9.74215,53.93742
3.38217,7.99950,37.58374
2.10421,1.47924,15.70533
6.13470,8.98053,46.24714
7.75784,8.07727,46.79643
6.53235,5.37340,36.46807
4.69048,9.07174,43.84742
8.58731,6.27218,43.04327
8.59408,6.49443,43.25720
5.40951,3.04391,26.65342
7.29383,1.21238,25.71133
1.65506,1.65781,15.35681
2.93166,8.31244,38.06759
6.46248,9.11970,47.09729
7.13063,3.26490,30.96010
4.11957,4.18980,27.32353
2.18702,8.58564,37.14464
1.61130,1.27830,14.43531
2.32222,6.49557,31.25195
8.90443,6.58556,44.90832
3.98342,1.15970,18.28591
8.79725,6.31063,43.41322
1.85519,7.21206,32.44561
9.32243,3.62276,36.07820
8.56031,6.78902,44.85731
6.10949,7.30860,40.94186
6.41984,9.73699,49.43733
7.75456,1.64474,27.74488
2.65584,2.83736,21.25950
9.83784,9.52380,55.57685
3.03054,7.05388,34.30900
6.66273,1.71603,25.49328
7.17401,9.47815,49.36023
6.91735,5.97753,39.03838
8.30501,9.87400,53.50980
1.20775,8.73355,35.45519
6.86176,3.98213,32.29015
4.65639,6.64906,36.59904
4.09884,1.60472,20.29640
7.69218,7.48826,44.46601
1.31238,2.22957,16.17821
9.67411,3.27961,36.52573
1.41747,2.84559,17.87767
5.11359,9.97444,47.14481
4.26709,9.02434,43.00945
5.34362,9.40020,45.89599
1.41501,6.54903,29.84913
5.37127,1.25469,21.10281
9.67493,1.54464,30.90237
2.61833,8.90048,39.05410
9.40887,8.62090,51.63412
9.66048,9.40314,54.52030
5.48618,7.21400,40.00271
9.56094,8.56140,51.82314
3.64527,1.32840,18.60161
9.82071,3.46973,36.73876
1.99338,8.18742,35.67078
3.72375,9.78745,44.12403
2.88199,6.58045,32.86984
6.84011,4.10054,32.95417
4.68897,9.24357,44.05383
3.24646,6.78017,33.47844
4.17139,8.50514,40.76525
1.40990,8.28814,34.38431
5.33702,2.21326,23.88915
9.36495,6.05398,43.47338
1.67197,1.24480,14.49553
3.90478,9.46142,43.48489
8.16466,4.67741,37.54522
8.09509,3.63424,34.43980
8.81909,9.36190,52.67361
9.25222,1.78549,31.04587
5.80581,9.29000,46.60931
6.11068,2.91675,27.74212
8.88898,7.62925,47.60168
2.98910,4.94636,27.33926
1.52557,8.38805,35.58910
4.81362,3.00598,25.71971
5.77660,2.96822,27.90085
9.63235,3.46804,37.05757
7.50967,3.48587,32.27381
2.17035,7.54419,33.89445
3.59994,9.01307,41.54765
4.89296,7.09556,37.68795
2.95868,7.71065,35.84545
4.15933,4.54589,29.34793
4.71683,4.88968,30.72551
2.99647,1.42594,17.14403
3.54549,9.09876,41.74789
7.51596,8.21361,46.73683
3.51225,2.07909,20.72752
1.66861,5.66006,27.14064
9.61940,7.51892,48.36953
5.68927,5.42299,34.16266
6.91116,9.83374,50.06590
7.56145,2.61604,29.96389
7.02022,5.42665,37.73045
1.58430,7.59367,33.22549
6.19090,4.23018,32.04407
9.02991,9.50533,53.39243
4.10220,2.34455,22.72833
9.08364,1.43969,29.61463
4.05936,8.74546,41.35353
6.94115,5.97456,38.35172
5.54400,7.11153,39.82402
5.62819,1.36043,22.28280
8.06797,9.93458,53.32968
2.40885,2.07742,18.25396
1.57351,5.33270,26.58029
4.32289,3.53181,25.83621
2.08675,8.79196,37.06934
3.33787,8.63157,39.52294
8.41088,1.44852,28.28364
3.70777,2.31873,21.59930
4.02813,1.81151,20.08637
1.09141,2.13282,15.52009
6.28763,1.08003,22.61252
8.18133,3.21991,32.96661
7.24757,4.94418,36.00950
1.57336,7.81754,33.61408
6.61785,1.74281,25.95846
3.16115,3.46726,23.43959
4.26930,2.38584,22.67364
1.28081,2.43751,16.67577
4.23401,2.79213,24.30988
7.11241,4.27487,33.97895
8.17729,6.08921,41.86228
5.05482,9.68376,45.72540
1.60473,9.57913,38.84528
1.23621,9.15186,37.38808
4.54345,9.04952,43.13674
6.75163,8.72640,46.77099
5.65388,4.97159,32.88144
8.24405,8.51153,48.99658
8.81252,7.75125,47.53020
6.20592,6.80901,39.93117
5.77107,3.90685,30.32242
4.72799,2.45408,23.70816
9.21740,1.97478,31.42685
2.94839,1.76197,18.45297
4.76487,4.79560,30.83397
3.29453,1.80093,19.01428
3.51808,4.09202,26.55433
9.01922,7.44264,47.41905
1.04688,3.81114,20.19603
4.95309,7.95564,40.68972
3.13593,8.36005,38.81893
2.13959,8.03622,35.50271
6.82014,2.29113,27.96649
5.23287,2.72225,25.81754
5.42859,8.42097,43.40784
1.67902,9.37690,38.76313
4.30902,8.88292,42.50361
2.78487,2.21298,19.30931
3.56095,2.45725,21.47425
7.60869,1.37502,26.61343
2.50344,6.06153,30.50206
7.05891,1.72897,25.91169
4.60370,1.51094,21.22926
7.44260,1.86734,27.63277
8.13073,7.24603,45.12154
5.02183,8.78992,43.46173
2.21846,7.39649,33.35040
6.18960,4.86797,33.48922
4.14577,4.43010,28.33711
6.82211,8.73459,46.90138
7.24365,4.71094,35.42520
9.19387,3.89624,37.01927
8.42756,9.69554,52.70510
5.83374,1.90782,24.82382
6.66304,3.17022,29.84019
3.11867,6.57623,32.78934
4.75574,9.75756,46.02987
4.43013,9.16336,43.14883
2.90371,5.46216,29.55390
6.20488,9.29239,47.49412
2.91102,2.80594,21.17980
7.40111,8.41045,46.62020
5.44375,5.19647,33.63571
9.08277,9.69904,54.38823
2.82118,3.30703,22.31325
3.80203,9.64815,43.27423
6.05660,1.32976,23.34681
5.21614,9.28445,45.30234
7.01036,3.15209,30.56187
8.08068,2.98266,32.53135
1.56850,6.19702,29.17433
4.09427,3.14473,24.26690
1.44772,4.76679,24.48454
1.48751,8.24638,34.67938
9.36055,8.56377,51.00352
6.91795,4.39478,33.75723
9.53118,3.90043,37.82228
2.85496,9.05864,40.14477
3.55419,8.37373,39.68383
3.20528,2.61654,21.54923
7.35306,5.20664,37.43325
6.58576,1.05592,23.67693
7.44524,9.97510,51.85574
5.02534,9.18430,44.44284
6.67381,7.37033,42.48362
7.79950,2.70310,30.56146
5.25508,3.75916,28.52114
2.28793,4.05235,23.84641
5.06866,9.95772,46.59533
1.89712,7.12070,32.42076
5.08352,9.61484,46.27687
8.38581,2.62680,31.44615
1.04875,7.58657,32.29334
6.98463,3.52271,32.00038
1.36461,2.49399,17.08584
6.89752,7.18732,42.22883
1.68261,4.65809,24.04451
5.71048,2.09622,24.63201
2.14557,6.17214,29.37742
7.09877,4.43887,34.52451
3.94015,8.25026,39.44740
4.70967,1.65054,21.25374
5.42746,8.82779,44.68958
3.55298,5.00796,29.18679
5.35051,7.82931,41.15508
5.00022,6.80509,37.79238
1.25731,6.03345,27.37386
9.15833,6.09314,43.59422
7.02120,6.49237,40.72645
5.31659,3.35918,28.02138
6.38988,8.82678,46.68226
5.33012,7.81818,41.00843
8.91823,4.50884,38.16413
9.59230,2.64321,34.20605
8.61619,3.95656,35.71315
1.46785,4.81102,24.33541
9.40015,4.65574,40.21431
6.75409,7.92534,44.30491
4.54411,1.07753,19.03086
4.57972,9.29470,43.78674
2.61754,1.05602,15.55950
7.80599,7.94346,46.36580
7.79165,7.99348,46.72775
5.88744,6.79510,38.86033
3.44786,1.88792,19.35171
6.13636,5.25143,34.93118
4.18388,2.37153,22.95637
2.85981,3.96000,24.83363
5.80967,4.72150,33.20818
3.42410,9.17708,41.28514
7.96104,6.05803,41.17006
5.88365,1.10117,21.73671
6.53049,5.17030,35.86465
7.70109,9.55500,51.05720
6.67499,3.70769,31.77338
2.78315,5.87849,30.66703
4.43305,6.03886,33.52320
4.81534,3.09449,25.85249
7.12736,5.09964,36.34958
7.88968,6.53628,42.25158
8.70421,9.98867,54.19075
3.34678,7.89480,37.63896
2.64839,4.19765,25.20611
4.05119,8.37392,39.77072
9.31625,5.48572,41.79003
5.10851,5.20963,32.96009
1.43584,9.76389,39.20710
4.56285,9.26342,44.18572
4.56832,5.63879,33.02301
3.15112,9.47555,41.26440
8.52529,7.70734,47.42134
1.70148,4.33792,23.74335
2.85727,3.79753,24.13689
3.16045,8.68261,38.92685
1.54228,5.73237,27.61617
4.24229,8.14764,40.32064
6.93421,2.02319,27.26246
7.08728,8.73179,47.55609
2.06030,2.23786,18.28274
6.76642,9.25012,47.89825
7.32402,8.29556,46.73551
2.49952,9.98436,41.48499
8.42605,1.31600,27.91101
3.05783,8.65010,39.06628
5.33636,9.43916,46.23249
4.73747,3.49463,26.46223
9.84715,2.23026,33.29103
9.19544,9.59417,53.78696
5.05334,6.65477,36.84961
4.87677,6.08511,34.90877
9.87858,9.19535,54.29768
1.58899,2.22257,16.72163
2.53874,3.37150,22.28349
1.14120,8.02366,33.15862
9.20250,9.16020,53.10935
9.59606,7.44842,48.25557
1.23540,8.43386,34.76968
9.40344,6.38310,45.03689
9.61370,7.15756,47.99459
3.41787,6.10384,31.89839
4.74904,4.19116,28.62687
7.83340,6.03553,41.24379
9.44073,3.98258,37.70999
2.86252,8.25209,37.13085
9.24142,2.29421,32.28397
4.45924,8.01792,39.79161
1.23409,7.91935,32.86064
4.98679,1.79443,22.66046
7.10146,6.22927,39.80317
3.96896,3.26971,24.39087
2.34356,7.65555,34.39934
5.34935,5.57805,34.76372
3.97221,7.37901,37.04513
8.09294,7.02266,44.27792
6.77349,6.86548,40.78506
4.38048,9.45339,43.96988
6.73592,5.53577,36.84416
8.69432,8.67605,49.92755
6.76786,9.32792,48.13372
5.53352,1.83244,23.91187
4.22841,9.62495,44.41657
2.53042,1.22819,15.86060
8.42824,4.28705,36.38830
5.56010,5.11825,33.24487
3.89753,1.77202,20.47258
3.75282,3.85236,26.43671
7.01150,9.07796,48.38010
5.91016,1.86590,24.86901
4.89071,1.60727,21.16518
2.99859,2.86660,21.34307
3.82266,6.99317,35.36361
4.80663,6.04162,34.95353
3.33796,8.18131,37.77046
6.15625,5.13591,34.97452
8.73387,3.42734,34.50850
5.10740,3.13635,27.08673
8.51053,4.76992,38.64424
8.08135,4.20766,35.55171
6.20916,2.82493,28.36394
9.52668,9.20616,53.29772
3.65057,2.91490,22.70953
7.16991,4.11719,33.32870
3.00215,3.02707,22.01410
2.73394,6.98403,33.62203
5.30949,6.95997,38.96210
8.24343,5.61243,40.09960
6.97280,8.68844,47.35446
5.13431,3.51182,27.65737
7.90593,4.95862,37.67365
3.09480,8.63720,39.42123
5.87554,6.16828,37.03790
3.77490,5.85524,32.41622
4.31067,5.92339,33.32378
7.24758,6.12650,39.66138
9.26212,7.93652,49.44728
3.59528,7.29015,35.58994
4.46582,8.11931,40.14790
7.61083,7.49929,45.05550
1.77976,4.62169,24.91676
9.56059,8.60423,52.31952
8.18604,9.14957,50.97136
2.99011,9.56946,41.45580
1.03945,3.58688,20.05655
4.46413,7.32399,37.87577
8.41817,3.31286,33.87153
9.60701,2.85163,34.27621
5.22442,4.79504,32.02626
7.70076,8.65303,48.45407
5.33065,9.50925,46.12572
8.31882,1.92425,29.71676
6.82006,1.67282,25.63573
1.77809,1.15136,14.28358
7.46109,8.56563,47.91740
7.47191,6.14788,40.69090
5.93856,6.80133,39.66838
6.80339,3.53374,30.73235
6.70063,9.66573,49.34087
6.76283,5.23269,36.70950
7.55068,4.70135,36.55339
6.86576,2.86625,29.17383
9.65467,2.50028,33.93207
6.03676,6.28977,38.35173
7.34573,3.40939,31.47796
7.38052,5.26526,37.80237
3.99456,4.12634,26.97688
7.33233,7.23428,43.40945
5.47087,5.47256,34.81403
9.85283,9.92322,56.66852
4.33400,5.83758,33.31518
5.43910,5.07828,32.94868
4.82271,4.12986,29.49834
9.09224,6.74057,45.21203
4.86068,6.73103,37.25861
1.26248,5.71063,26.50459
6.83460,5.52487,36.86942
4.61905,6.33939,34.79831
5.73418,1.76795,23.82122
7.87904,2.24734,29.95085
7.43058,5.00257,37.31655
7.41926,6.13321,39.89295
7.22753,2.10070,27.50571
6.04426,1.01605,21.65553
3.53550,3.10073,23.48148
4.67291,9.01599,43.53843
7.29367,3.89634,32.85868
2.77661,5.45712,28.46065
9.89808,7.94946,50.66857
3.55258,8.66759,40.24016
2.99899,7.71712,35.97415
6.55347,9.70398,49.67578
1.93777,3.39052,21.23513
3.81833,1.79013,20.16016
7.52176,5.76636,39.20362
8.72657,3.14136,34.23135
1.22962,8.11408,33.31898
7.30466,9.44026,50.34147
9.81512,5.79903,44.27140
5.62884,2.41845,25.26208
6.72255,8.64528,46.19977
3.30158,6.68076,33.64658
1.28547,7.06266,30.48231
1.51175,5.79138,27.60359
4.72366,4.35506,29.08644
1.41098,6.25943,28.99832
6.26477,9.60540,48.06126
7.92624,3.01352,31.55359
5.75119,4.75936,33.15230
5.97561,1.28892,22.96787
5.43470,4.33587,30.59606
2.64956,1.93102,18.54647
6.16865,6.66695,39.74164
2.89673,9.44371,41.21351
6.03718,7.06029,40.47666
3.79495,3.23339,24.27079
2.18752,3.44350,22.07773
5.94468,4.25950,32.00884
3.92704,8.72754,40.94451
3.08097,1.50823,18.15388
6.08138,3.05267,28.34419
6.15046,8.74094,45.87548
9.51020,5.55733,42.20218
9.40781,4.08437,37.86775
9.67646,4.17313,38.90387
8.45908,4.89523,38.28625
3.61235,4.25516,27.07163
3.54625,9.15415,41.95228
9.56949,7.83387,49.91919
6.25847,6.79345,40.22098
9.56038,2.10898,32.69083
7.11647,7.55071,44.36297
9.81525,7.68158,49.44077
6.99067,8.08292,45.00619
5.59617,3.93323,30.37117
9.88484,8.82698,53.00165
6.13841,1.56991,23.99648
4.23618,9.42721,44.05183
2.44950,4.49674,25.48937
9.80125,6.11218,44.96103
9.69299,4.05829,38.24019
6.31381,3.04058,28.48988
8.01394,9.21569,50.51904
5.82508,9.84235,48.62946
5.56237,5.11525,33.80192
4.98355,6.84045,37.80049
7.29864,2.89921,29.95734
6.08720,5.83595,36.35386
4.94318,5.28245,32.26058
8.58966,9.04861,51.12470
3.94818,3.36637,25.23834
5.59027,8.87885,44.69653
2.69929,4.90024,26.78216
5.07414,9.41162,45.51815
5.26610,1.88652,23.55332
3.60474,2.05797,20.22084
8.65923,3.15776,34.12104
5.69765,9.22466,46.34560
5.30714,1.65535,22.12770
8.06157,6.98576,44.37032
4.37590,7.44569,38.15124
2.07588,3.41715,21.69737
2.81937,7.08707,33.53404
9.02767,9.39294,53.49009
3.48810,7.10763,35.62200
7.60430,5.98616,39.96648
3.17888,4.29372,25.94280
6.61785,9.61040,49.12973
7.63122,3.82491,33.74590
7.00693,2.95416,29.62482
8.00484,6.45176,42.04364
9.94635,5.90497,44.17845
4.56841,7.58370,38.66876
6.64955,4.33423,33.59833
1.55663,6.18896,28.68147
7.07156,2.20796,27.49268
6.50693,9.96440,50.23086
3.97288,4.70431,29.41878
8.50449,9.10810,51.11021
6.21451,4.10160,32.21373
2.55854,6.82153,32.44520
2.85948,8.09842,36.58986
1.23301,7.41784,31.24120
9.36287,3.23203,35.62576
4.25037,1.51130,19.89043
4.71790,2.55068,24.49160
3.68557,5.28548,29.97061
2.38460,4.85363,26.27386
6.10348,3.66592,30.25225
6.53219,9.51774,49.01170
1.78155,2.55914,18.65070
3.25693,3.27965,22.88760
2.89075,5.18063,27.99262
8.40133,7.40260,45.62131
2.45337,6.69541,31.90331
8.89379,2.37880,32.17183
3.03111,1.83127,18.86170
1.89317,6.21461,29.37743
8.58647,1.35276,28.22459
3.20799,3.19713,22.68519
4.53524,7.38008,38.45790
2.03026,8.52082,36.18629
2.14244,2.47609,18.37288
4.42006,9.38501,44.47387
7.20734,3.66572,32.75430
5.18276,8.07977,42.01079
1.00855,5.02214,23.89947
1.38534,3.34266,19.36197
3.38317,4.37914,26.76037
1.56170,5.00359,25.39567
7.77897,6.88907,43.54285
4.78937,6.87765,37.10047
6.68438,9.97976,50.69708
9.72425,9.41513,54.90067
4.59803,1.14935,19.23005
3.97724,2.08041,21.46309
9.03365,9.44613,53.83189
6.33042,9.21932,47.41646
5.56298,7.29456,40.21019
4.25988,6.31168,34.83425
8.77054,7.21979,46.19510
5.74241,3.77121,29.84725
4.26734,8.87956,41.86259
4.79960,3.79062,27.49031
2.56962,2.24985,18.67071
3.93700,7.23058,36.23763
3.09374,1.06928,16.42908
6.78270,5.80637,37.77126
4.36313,6.58042,35.56472
7.87000,1.65482,27.38294
2.76555,8.72535,38.76996
6.82452,2.14673,26.74558
1.50022,7.84592,33.97071
7.88866,8.75554,49.29945
7.23371,5.85478,38.88416
3.14029,4.49553,26.67407
7.91207,8.10061,47.16320
2.36444,2.61862,19.17660
9.76634,5.30896,42.43743
1.62446,7.63466,33.28252
3.74894,3.56969,25.24305
8.59636,7.36287,46.19571
6.46522,1.81475,25.64639
1.69101,3.61513,21.40029
3.75239,5.08987,29.86897
6.06347,2.47639,26.77760
6.44030,8.80381,46.45567
7.35994,5.85901,39.36256
1.68611,9.73393,39.23398
2.54055,3.09601,21.79724
4.03699,4.32080,28.14735
9.28648,9.27997,53.37272
9.85298,5.50220,42.97372
4.70597,5.94630,34.74457
4.15952,5.59377,32.18594
3.47676,9.89863,43.70085
6.77014,5.69653,37.30965
2.71180,4.74026,26.22041
1.27558,1.94935,15.15582
4.29108,8.19137,40.43455
2.50753,8.63811,37.75148
5.77804,2.35627,25.18373
2.89262,1.34966,16.93648
1.92659,1.13034,14.34217
6.56365,4.58268,34.07391
9.68127,2.02674,32.39458
8.48219,8.45954,49.76757
8.79519,9.22047,52.48927
5.75468,8.15866,42.99851
1.83575,8.23436,35.68330
6.31537,9.86062,49.24204
3.87730,5.78007,32.05786
1.55208,8.80155,36.38928
3.88749,6.48973,33.86705
6.52003,8.87150,46.80594
3.37739,7.15716,35.53507
7.44012,4.38935,34.76511
9.70028,2.61501,34.31537
9.38908,9.54330,54.32459
9.40195,1.77192,31.31399
8.25819,6.32964,42.64318
2.11952,1.21618,15.01624
2.44314,6.80152,32.30999
8.78691,9.23192,52.20527
8.16509,2.66910,31.25757
4.02424,2.76168,23.25104
9.88927,8.53145,52.09474
7.21281,8.16005,46.13506
9.72255,1.16310,30.32376
6.05597,2.02981,25.63829
9.17396,8.64772,51.35253
3.67135,6.82977,34.70046
2.60702,7.37772,34.42506
7.35903,5.54503,38.08965
6.76730,4.70957,34.95403
1.00542,5.04469,24.45735
6.26616,8.02200,43.89069
3.00806,1.75106,17.78518
3.20684,6.76469,33.61789
3.77609,6.72434,34.40102
2.64151,6.16868,31.17190
4.56835,4.57848,30.25692
4.78401,4.72266,31.00590
8.11217,8.44784,48.37116
9.65886,5.21690,42.32247
4.17934,7.11367,36.65234
2.62089,8.73304,38.05356
7.88640,5.06076,37.69109
5.25848,1.24377,21.22305
8.01624,5.14453,38.11785
8.47436,2.98314,33.13502
8.76935,6.09004,42.81229
2.39851,5.57709,28.54006
1.94077,4.78568,24.82999
3.54112,9.24076,41.70662
3.93977,2.11348,21.54340
3.08456,3.89602,25.15107
6.41949,2.46514,26.79259
5.05801,9.54211,45.91686
4.54425,6.32360,34.65405
6.36510,4.70916,33.86627
5.08106,1.69487,22.58708
9.86959,1.54325,31.62590
3.42893,5.46694,30.54651
9.04491,1.45548,29.69972
3.29969,5.78541,31.07518
6.63484,4.89239,34.54258
4.11674,8.42316,40.03712
8.40095,2.08758,30.50241
1.70810,7.48377,33.10239
7.97094,2.32341,30.29549
9.77405,3.75267,37.57491
4.17776,7.35701,37.70237
8.10480,3.12061,32.19171
4.91215,4.70479,30.84665
1.42169,7.58521,32.77802
1.88478,8.79765,37.02325
5.42933,9.68118,47.12676
7.21414,9.61066,50.42148
1.09276,8.26999,33.72131
4.28281,8.00010,39.61037
2.21931,9.09037,38.69672
3.32122,6.90449,34.63726
1.30637,1.74527,14.65095
2.28895,9.39086,39.33599
9.59179,9.19675,53.53764
4.85187,8.92879,43.47494
8.46412,6.86782,44.08500
7.37888,3.34664,32.01831
3.99365,4.27057,27.65889
8.80418,2.11168,31.12623
1.27861,9.92023,38.92371
8.69606,5.07153,39.13974
5.22479,7.57431,40.06157
6.69521,9.33889,48.41022
3.50020,7.82711,37.64045
6.22523,2.52323,27.18447
3.16419,6.27372,31.76346
9.66814,1.73661,31.55006
1.00634,4.34355,21.75054
7.34804,3.97636,33.59490
5.73808,8.49003,44.18263
3.18061,9.23597,41.39622
4.23455,8.13968,40.09430
4.39943,1.80114,20.78888
4.97428,3.31161,27.27897
8.62215,5.34138,40.70612
1.34059,7.92206,33.55628
1.23236,6.99689,30.73372
1.08844,3.61048,19.62570
9.03927,9.05134,52.48231
6.30658,8.69294,45.35704
6.83187,2.66939,28.51323
4.04946,3.44168,25.14739
9.86418,8.98888,53.40224
7.43073,4.34538,35.06915
1.18101,8.72435,35.69366
6.86576,9.04066,47.62528
9.65964,8.41879,51.67948
2.70059,6.01872,30.32911
4.23748,9.62103,44.33964
2.31220,9.63658,40.53825
6.94026,9.98465,50.80866
2.65692,4.21139,24.52932
5.38601,6.69813,38.06735
4.93996,9.24971,44.81127
8.14011,6.13100,41.33023
4.13649,8.14313,39.98822
2.71150,3.09556,21.43329
8.13409,6.35627,42.37920
9.41067,9.36652,53.42260
2.18314,4.48369,24.73344
5.24040,4.66456,31.68709
6.72371,6.78418,40.61000
7.84394,6.81562,43.47029
8.91367,6.44839,43.95248
3.53257,7.12775,35.75948
1.01237,4.80136,23.76563
7.81813,3.89848,34.81281
5.96175,2.67948,26.75582
6.51210,9.58124,48.50116
8.72717,1.60257,28.88071
4.68742,7.42963,39.09033
3.73541,8.92748,41.33960
5.00323,3.73056,28.51453
2.24695,4.88421,26.08188
5.99102,2.54463,26.61208
7.22916,5.93891,39.06363
4.52447,9.11270,43.70856
6.22995,3.07946,29.04586
3.57496,3.58044,25.05113
6.12374,9.58229,48.28759
7.40175,3.65809,33.24001
8.31074,4.23173,36.39014
2.34696,3.08805,20.60507
8.83178,5.82500,42.21030
9.71204,8.83668,52.95482
7.26559,3.50351,32.36222
7.82200,4.89861,36.90768
1.02281,8.17627,33.63771
3.45656,4.20525,26.39965
9.50873,7.13641,47.47470
3.33926,1.45619,17.97830
4.41593,8.19896,40.29913
2.98496,9.97910,42.56980
1.74454,6.43666,29.47960
1.15212,3.44387,19.83521
5.75931,2.44334,25.67803
1.46304,2.06551,16.04562
6.43273,7.71631,42.84728
7.89031,4.25365,35.44073
4.70917,1.58850,21.10877
4.47111,7.50803,38.75365
5.43996,6.92663,38.95489
1.96855,7.28180,32.75139
7.99701,7.64718,45.44531
7.84768,9.80676,51.70074
8.03796,5.06146,37.83312
8.59483,1.73720,29.07001
6.60049,8.81936,46.18617
8.73288,5.22361,40.59771
7.14284,3.86143,33.34600
5.35882,5.52649,34.77271
3.89028,4.81809,29.46986
7.62045,5.15395,37.91697
6.37431,7.63345,42.92193
3.07180,2.61144,21.22214
2.11706,6.55196,31.08496
5.28276,9.58951,46.66405
5.34134,9.72527,47.22295
4.11133,8.74303,41.15981
6.92951,7.28891,43.05549
8.84107,3.12675,33.97426
1.83658,6.03070,29.08982
4.57439,8.95283,43.15526
2.26978,8.68753,37.20693
3.08248,6.23199,31.85981
9.97872,1.49419,31.72366
9.77473,7.12702,47.68257
1.92350,6.91321,31.81855
5.38586,1.74264,23.23098
7.16132,5.66429,38.28754
8.39578,5.11536,39.03078
3.38320,7.87696,37.84449
9.20254,5.98967,43.19201
2.38709,4.28337,24.73056
8.57802,5.22163,40.09936
1.94624,8.23526,35.91835
5.87745,3.60501,29.54892
4.76342,8.36631,41.12818
2.92541,4.01552,24.49812
3.49666,6.30451,33.03698
2.00571,6.23017,30.11286
4.19075,7.43870,38.02169
6.53785,4.91913,34.48864
2.83783,1.37805,16.80857
7.50408,2.10251,27.83852
8.39278,9.49888,51.98970
6.43184,6.20833,38.92899
9.99735,8.90206,53.63709
2.40121,9.28510,39.36988
4.27325,9.59621,44.07583
8.25696,9.64068,52.22870
4.86899,1.45128,20.97448
2.91435,3.40272,23.10320
7.30290,8.27535,46.27628
8.77643,6.61129,44.25124
9.84807,2.58766,34.50616
8.51056,9.89890,54.07018
5.34733,2.74246,26.36211
7.85123,1.32445,26.76980
6.64091,6.93992,41.56416
4.04618,4.08377,27.04753
6.21246,1.06875,22.48240
2.49185,5.71201,28.92491
1.22631,4.16739,22.06772
3.95726,7.52808,37.64633
7.50166,2.49306,29.54369
4.67755,9.99204,45.84013
5.92859,7.91288,42.25095
9.73868,3.59653,37.67976
7.89442,1.68033,27.35042
1.79015,9.22032,38.26346
5.26522,7.69366,40.74216
7.15418,2.65690,28.90962
4.31540,1.39273,20.18903
8.42360,5.15131,39.54105
6.63947,5.27522,36.11053
6.47490,1.81012,25.04613
5.08497,3.19706,26.50757
4.31794,9.97417,45.82273
1.99740,2.40503,18.48812
2.35829,2.94742,20.35165
6.31613,9.73735,48.64542
3.25857,8.44940,38.81356
2.45334,7.97890,35.54844
7.02109,1.13965,24.65712
7.18987,1.31411,25.40365
1.25927,3.89275,20.76217
6.35134,2.81878,27.89536
9.89012,6.22057,45.89271
9.56574,3.29204,35.52514
5.31984,5.90805,34.94231
6.30403,2.54547,27.40660
9.22861,2.89270,34.30910
5.18479,6.19812,35.60714
5.16585,6.57758,37.44598
5.82368,3.13424,27.62862
7.69931,3.36713,32.86399
7.90529,6.97347,43.61265
4.92515,6.89485,37.80430
3.96835,6.23982,33.27207
9.81132,8.64273,52.23554
4.45758,2.99931,24.79277
3.17832,6.50960,32.51382
2.88528,6.92654,33.92437
9.27492,3.03529,34.31883
2.37400,9.33796,40.24295
6.95616,6.04063,39.29964
4.78390,9.67396,45.91752
1.00190,8.18851,33.68670
1.65203,7.14274,32.04863
9.26621,1.50572,29.86289
3.85674,8.93846,41.03918
8.82059,3.17026,34.36009
9.89640,5.57520,43.80259
3.97825,1.45600,19.57655
3.42626,5.88493,31.42074
3.06969,1.25528,17.03875
9.81745,8.88985,53.29382
2.23758,4.00558,22.99498
6.35002,7.17168,41.27160
9.45030,5.11612,41.22660
1.93825,3.12411,20.56238
3.59895,1.82721,19.24573
9.21960,7.09226,46.40052
5.32003,1.50924,21.75675
4.51654,1.32009,20.14548
1.17784,6.89684,30.41199
1.83871,7.99430,34.68554
7.83090,5.13331,37.60639
4.14684,6.03930,32.96933
8.85805,4.37426,38.31608
8.94486,7.05531,46.48676
6.07389,6.01103,37.67396
5.07280,4.22875,29.87792
3.86996,2.61032,22.33399
2.68784,1.91011,18.55079
3.31538,3.65314,24.10244
5.24580,7.60053,40.03372
9.46284,4.22263,38.15313
1.69438,7.85284,33.78636
1.88143,6.09097,29.04314
7.70565,5.65949,39.37306
6.75332,8.77073,46.97217
5.72030,2.24204,25.49150
1.98597,6.80422,31.59433
5.90621,5.99581,36.74688
4.04519,8.86818,41.67673
7.89048,1.15023,26.18931
1.46080,8.13175,34.52767
5.90128,9.97810,49.17774
7.73178,1.65508,26.96605
1.36862,1.67523,15.19452
5.93473,3.84315,30.14877
6.79110,8.02703,44.34969
9.39549,1.02708,28.75144
5.97024,4.92997,33.25093
6.62909,7.05444,41.63109
1.87248,6.66529,30.72862
8.39578,8.17177,48.20567
7.54170,3.58865,32.77263
5.17592,2.88484,26.13597
2.46574,6.53874,31.14842
7.26774,9.02445,48.98985
9.44484,3.62548,37.25345
5.98235,8.77026,45.36679
1.71862,2.55645,17.73313
4.55413,2.29123,22.82792
8.08600,3.16041,32.68583
5.25758,9.89174,47.46556
4.67348,2.14020,22.51482
6.87610,9.01249,47.96707
2.13121,1.40874,15.17147
4.49118,8.01765,39.82088
6.78020,9.68791,49.44884
2.81688,7.94959,36.03022
5.15265,9.34212,45.01005
1.04918,7.32583,31.48811
9.45155,3.32025,36.08370
5.33322,6.81565,37.66007
6.77342,4.09918,32.53844
1.33934,7.87231,33.38973
8.83367,2.97644,33.83113
6.00434,9.44815,47.14885
7.51402,4.96026,36.43694
4.16989,9.26717,43.49213
1.00421,7.63189,31.59636
7.42903,7.47280,44.61701
6.64478,7.32426,42.43927
2.63294,5.52985,28.57532
4.36494,8.36383,40.40309
1.26684,2.60881,17.85458
7.71835,6.24387,41.08289
4.96061,9.94587,47.12103
1.92277,1.21870,14.09833
1.16474,9.10388,36.56954
4.30120,4.20790,27.78244
5.40844,6.73810,37.91494
9.56966,4.06745,38.40079
9.34326,5.56593,42.02218
2.71350,6.95850,33.04353
5.34215,3.15439,26.80610
4.34351,9.30363,43.79536
1.72901,7.86576,33.67502
4.57301,9.69187,45.45097
5.34242,1.00482,20.64204
2.48296,5.82611,29.58285
2.10646,5.56339,27.90414
8.39211,3.91204,35.65031
2.00042,8.27536,36.13486
3.13300,5.50385,29.50938
9.21152,3.43042,35.93119
9.66627,1.60142,31.18624
5.43032,8.78091,44.30851
1.32959,3.55171,20.48962
9.13281,8.27059,49.79695
5.11879,3.74487,28.64823
5.01547,5.38689,32.77301
9.53148,5.16844,41.67494
8.69641,3.49853,34.55340
1.58040,9.98253,40.22976
3.59987,2.51484,22.05856
5.66507,4.43710,31.43148
8.58563,7.31317,45.79254
1.99113,7.52598,34.05987
3.32441,7.74566,36.85592
6.02186,2.30498,25.57075
8.06492,6.26125,42.39806
4.33520,9.42785,43.81572
4.95680,6.55985,36.63001
1.04033,8.80708,35.04271
1.60636,5.11006,25.80629
6.83046,5.98290,38.50386
9.47019,8.50510,51.31717
5.90736,5.47293,35.33008
6.28062,2.47829,26.68947
7.17324,6.26833,39.91502
8.20001,3.90916,35.41283
2.06808,7.57276,34.32185
9.66970,8.28302,51.21432
6.88370,7.98349,44.32683
9.97558,1.94028,33.26312
7.83301,6.54889,42.60959
3.93218,3.00337,24.15064
8.62420,6.23095,43.14244
8.50545,5.83756,41.61802
2.23061,1.40580,16.09478
8.99007,3.49509,35.76747
7.37010,6.16882,40.21971
9.77207,3.50362,37.08761
5.60587,1.87559,23.54417
7.10070,3.66960,31.92866
7.95151,8.55132,48.50754
1.61201,3.21077,19.74911
6.66113,9.65419,49.22276
8.64891,5.33926,40.80917
5.85396,1.41391,22.56773
5.47663,7.97252,42.06389
9.21076,8.81616,52.28453
4.69341,3.89185,28.45351
5.54453,9.48204,46.86530
2.09466,8.22242,36.07407
4.51806,9.90849,46.25722
2.43064,5.57167,28.15784
6.33279,6.78200,39.79808
6.71299,6.01969,38.01375
7.30245,9.73353,50.33070
8.20023,1.60702,28.40275
9.75554,4.08507,38.27611
2.54096,1.63218,16.67243
7.25189,2.49021,28.65659
5.47764,3.15916,27.55159
4.56554,3.44327,26.85576
7.67019,4.72050,36.60941
9.49861,6.83494,46.06836
9.28871,2.93889,34.29524
9.81860,3.34196,36.61089
1.37083,8.89644,36.27851
9.77866,5.72599,43.24691
5.70982,3.72902,29.77623
7.78587,5.19570,38.14700
3.97350,3.98024,27.14245
9.37211,8.08795,50.40716
5.74872,5.61420,34.96271
9.79646,8.06432,50.85523
8.99077,4.88533,40.12665
3.75442,9.34592,42.35895
5.88731,9.75359,48.24700
5.47736,3.49845,28.83014
2.96238,1.27489,17.06910
4.74101,7.34461,38.67859
1.68353,1.28160,14.35535
1.55326,6.67305,30.58827
8.21305,7.64698,46.46194
4.55900,9.25875,43.57500
2.30810,9.22911,39.37941
6.57555,7.19507,41.96778
4.92835,4.43736,30.13421
5.31038,1.41123,21.49055
4.62781,8.66172,42.32151
4.39867,1.55668,20.45297
8.91187,4.60657,38.80519
3.22923,4.67140,27.19257
5.50011,5.20307,33.16014
4.28339,1.97941,21.99787
4.39496,7.88174,39.71667
2.95044,7.36721,35.35681
6.46766,6.44288,39.40693
7.08897,1.43502,25.09977
4.69716,1.19412,19.87545
3.04980,1.89742,19.10420
9.62558,5.51572,42.89136
3.21880,6.98138,34.57432
1.53118,7.36104,32.05883
6.75102,2.10839,27.17382
9.28454,5.48894,42.06152
5.89565,6.37161,37.95943
1.25697,9.64175,38.32185
6.50269,5.56476,36.96413
8.27628,3.57540,34.76681
6.43195,2.92563,28.14654
6.45461,2.90002,28.63171
8.58763,5.07733,39.72672
8.30046,2.09853,29.43186
4.16221,7.49584,37.65250
1.48411,9.29431,37.59933
3.09060,2.80422,22.00789
8.57428,7.11523,45.36654
3.28901,3.17660,22.75606
6.32765,7.10539,40.92221
5.99691,5.40008,35.42781
6.55082,2.83897,28.48042
5.95194,1.21485,22.22291
6.58138,5.77750,37.27317
6.84960,5.59547,37.85250
2.90672,8.17115,37.72064
7.31232,2.51475,29.44523
9.95228,6.19044,45.69483
1.76418,8.79325,36.99215
1.71829,5.17455,26.38013
8.28468,3.87363,34.99089
7.48681,3.92272,33.57673
5.02044,1.29890,20.59400
1.12298,9.52510,38.10228
6.64723,7.81490,44.02556
5.33508,8.14425,42.52517
8.09540,1.71770,28.26002
7.66862,7.98694,46.74731
5.90554,9.55396,47.47460
9.95423,2.35578,34.35067
5.99438,4.34251,32.48586
1.61138,2.20571,16.90455
2.72885,1.99702,18.64873
6.14697,1.10474,22.11469
3.03280,3.52365,23.22049
8.03581,8.32695,48.40789
8.29583,9.50166,52.12995
5.34081,1.66965,22.63140
4.68373,4.87168,31.16743
5.21276,1.05262,20.68341
1.16384,7.85459,32.84808
4.99009,7.31350,39.41051
3.92108,4.77535,29.42998
1.57168,5.82149,27.66393
1.24234,9.29641,37.49187
2.79035,6.83714,32.97080
7.87807,4.08970,35.00532
9.39911,1.07914,29.27708
1.91016,8.37390,35.49557
8.46892,9.01271,51.27910
3.97900,2.53578,22.57814
3.09316,3.31900,23.06282
1.98020,1.53057,15.22767
7.08518,5.24786,36.94250
9.89040,8.78541,52.93671
2.61943,5.88575,29.48558
7.25683,3.38360,32.00989
6.12617,8.88367,46.20999
1.79671,1.89149,16.32515
8.25106,2.53428,31.19645
5.67254,8.38767,43.42598
3.94743,7.74050,38.26393
9.54477,5.88540,43.50903
3.38822,3.68536,25.00648
6.31735,9.76160,48.84879
4.72296,5.96919,34.66010
4.18362,3.16740,24.65148
4.54812,3.88561,27.75975
1.32586,7.40206,31.36248
3.49200,7.13306,35.43155
6.16423,4.16532,31.74700
6.74852,6.79415,40.55563
6.30560,3.84295,31.41204
8.21345,6.79194,43.33616
8.99005,1.75744,30.41319
2.66024,9.15298,40.07802
9.64208,7.76874,49.28092
5.99018,4.82565,33.59788
4.11219,5.43652,31.43032
6.75969,7.99200,44.90166
8.40914,7.36208,46.00788
5.27133,6.76492,38.18024
6.09295,7.48093,41.92660
2.98774,9.93752,42.49404
3.82076,1.46670,19.32224
7.00573,3.06137,30.52781
1.31859,8.64638,35.44815
8.01413,3.83949,34.91901
2.03949,1.03730,13.85179
1.33861,6.79987,29.65075
2.20110,9.20898,39.15599
5.94788,8.28073,44.05010
7.29118,8.87484,48.18086
1.34158,2.45258,17.47239
5.12872,4.83655,32.26546
2.30327,5.98771,29.41068
4.14392,9.82608,44.79180
8.06556,7.98588,47.07006
3.70394,2.34950,21.63788
5.59930,7.43592,40.19097
8.42924,7.43022,46.51316
1.73036,7.57817,33.54516
4.13767,2.78493,23.85597
7.48408,1.08341,25.39800
8.11054,2.87912,32.33862
8.45500,4.10951,36.44139
8.36815,6.70023,43.68944
8.50637,9.02418,51.32446
9.11595,1.12719,28.57204
1.57274,1.07075,13.59576
7.10597,3.27429,30.82946
6.32880,5.53895,36.75209
9.26955,5.54426,42.07639
3.65070,3.18252,24.04015
3.16473,5.53999,29.49339
8.46435,7.48658,46.53312
9.42289,5.02307,40.51194
7.19542,4.87633,36.00279
4.18779,4.03281,27.37993
4.02039,9.73866,44.50546
8.44571,5.93711,41.36214
3.53814,5.23317,29.77369
9.30742,8.04064,49.99351
4.43074,4.24703,28.90038
1.01995,7.17681,30.14734
2.86430,6.17455,31.46155
2.67300,9.05431,39.72687
2.37050,7.42012,33.64254
3.84943,2.71535,22.90226
2.68740,5.84001,29.86806
1.24356,3.64446,20.70944
3.79590,5.00439,29.92311
5.94640,2.24940,25.87291
3.13338,8.46695,38.88185
7.75635,5.92541,40.28905
2.72124,9.95455,42.43081
3.47486,1.12532,17.60604
4.66855,1.76645,22.03117
6.58361,4.56655,33.73573
9.54726,5.54469,43.14072
1.21710,9.46877,37.62437
6.82547,2.62316,28.79343
9.43788,4.88546,40.19417
3.40058,8.91152,40.28386
3.39406,2.90498,22.96331
6.39505,8.61815,45.17169
8.80227,4.14470,37.26829
9.49165,2.20842,32.24932
8.65511,9.34413,52.38556
9.37642,6.44404,45.40421
2.30358,3.45826,21.84491
9.77551,1.66905,32.00043
5.34221,5.49828,34.42891
3.63487,7.51048,37.14666
8.23103,8.47012,48.59005
7.08192,3.92434,33.05298
9.55539,2.51548,33.63935
4.62843,4.96761,31.46667
4.02152,8.38823,40.29967
8.02060,3.73992,33.94692
4.69744,2.48394,24.04680
4.41143,5.50453,32.47146
1.89349,1.43492,15.38198
3.46828,1.66998,18.48140
6.49654,4.16993,32.08228
1.77394,8.68157,36.60415
8.89894,1.81218,30.65512
8.16153,5.85848,40.71822
8.74049,1.52776,28.69075
7.05122,3.63209,32.12157
8.73182,4.11190,36.55220
1.24375,2.55495,17.14193
8.56093,6.16625,42.13329
3.45380,7.50880,36.28765
1.96763,6.76230,31.29571
5.60705,2.32039,25.59656
5.54027,5.99378,36.49017
6.10288,4.87491,33.34307
3.75286,8.11949,38.36795
5.67907,2.04213,24.17242
7.12935,4.81675,35.81082
4.31374,7.00619,36.67104
1.46639,8.12433,33.96560
6.72171,3.64473,31.39220
3.50062,2.01960,19.71133
7.73830,5.33324,38.25661
3.16377,8.61889,38.72705
3.96189,1.81668,20.19691
7.29475,8.17700,46.12162
2.04775,5.55725,27.27535
4.24040,5.32852,31.74057
2.04876,8.78586,37.00241
9.33461,3.51225,35.97573
5.01441,8.20268,42.02956
7.23895,3.59620,32.26869
9.81493,6.16851,45.48211
3.01828,1.20875,16.24559
4.11300,5.80367,32.24577
1.48492,1.57908,15.16616
4.75279,8.04257,40.99935
6.23224,2.81998,27.49228
5.11299,8.14773,41.67405
9.07193,5.98731,43.34882
1.54002,2.30594,17.33684
8.44191,7.64576,46.64842
9.71634,6.65292,46.29427
5.27871,1.08365,21.14948
6.88519,7.60886,43.20957
6.27316,6.58019,39.66560
8.19073,9.35077,51.90682
1.78960,4.93195,25.63752
6.53214,9.36885,48.33960
2.51599,9.50051,40.88879
6.34494,7.12344,40.80210
8.54647,4.35684,37.02783
8.05391,8.50554,48.65594
3.07106,8.79934,39.55459
4.67616,9.04114,43.67990
4.50354,6.51128,35.73689
4.15303,2.93359,23.94946
4.06506,8.80300,41.18175
1.22555,6.66338,29.93732
3.74903,5.28564,29.89472
4.32433,8.30984,40.61441
2.31836,9.10717,39.17621
5.89945,6.18570,37.65167
4.37424,2.57966,23.63459
6.98155,7.65329,44.18805
6.47035,2.29007,26.87560
1.56017,4.65852,23.79373
6.54227,6.85915,41.15794
6.62232,3.69190,31.81348
7.81249,3.26730,32.25279
9.38637,7.77533,48.61477
2.86515,9.90977,42.40063
5.64864,2.73039,26.06593
7.82464,9.51635,51.19076
9.28905,5.74203,42.52402
8.15774,7.37292,45.71571
9.53293,1.85457,31.32579
9.95284,4.96117,42.03226
2.32318,6.45501,30.60121
8.05342,5.55921,39.99996
9.98209,4.17451,39.04845
9.47346,9.83157,55.21876
2.72894,6.34341,31.68019
4.55100,3.68918,26.98818
5.14505,3.85262,28.94115
7.66685,3.81701,34.26877
4.66019,3.91874,28.04928
4.17311,4.95832,29.97766
1.86110,1.56095,15.54149
3.51091,8.23033,38.72092
8.42216,4.69493,37.65719
2.75332,3.56109,23.55695
5.88296,7.02860,39.56618
1.69461,2.29210,17.73481
4.34532,7.70033,38.88803
8.01025,3.56359,33.83852
5.10468,8.31138,42.28192
7.61504,5.27042,38.22087
7.83432,9.80222,52.48295
2.12398,3.44816,21.66343
6.10888,6.87374,40.20337
2.54796,6.82358,32.88100
5.82168,2.50820,25.84935
1.13200,6.47608,28.33985
2.49916,7.11559,33.38457
5.78572,2.53433,26.43251
2.31573,9.87757,40.98431
9.68851,7.71013,49.97371
9.66202,9.05524,53.20263
5.66442,2.59003,26.44451
8.04169,3.98869,35.50478
5.54896,3.48347,28.58466
1.51730,9.18570,37.15042
4.56735,5.51370,32.90842
2.77422,3.35347,23.02584
8.67988,2.34776,31.66353
5.92730,7.52355,41.80566
4.77984,1.65162,21.07649
5.84909,7.67791,41.54761
8.23142,4.23433,36.42295
3.02311,7.71325,36.07427
9.71575,1.01471,29.25954
8.73840,7.35415,46.98884
6.84782,6.40854,40.01944
2.67898,6.33787,30.92510
4.73589,3.06460,25.84069
3.26803,8.82395,40.46858
4.94895,7.18437,38.90482
1.38497,8.62040,35.66935
7.68289,2.44790,29.57592
2.38434,7.12145,32.67291
3.00608,1.97059,18.80720
2.30461,9.01120,38.50158
4.96994,8.67889,43.09178
8.59759,5.39363,39.95937
6.55824,1.12893,23.94889
5.56044,1.18280,21.18006
9.39888,8.96574,52.21600
5.05524,5.32342,33.17200
9.25959,6.94592,46.22537
4.95133,6.40610,35.99760
9.54021,7.24814,47.53407
6.51061,6.97317,40.74254
4.15164,4.26603,28.38326
8.41145,7.65854,46.88712
6.07769,5.52843,35.83329
5.06690,5.70586,34.58256
9.11232,9.20127,53.24347
9.75565,9.23397,53.90209
7.86086,1.35833,26.96436
3.32689,7.12412,35.46297
5.84430,3.15810,27.89504
9.80591,3.59945,37.50734
7.61640,7.06485,43.49183
5.66520,1.85128,23.90184
5.36689,9.36641,45.74732
4.19649,8.37965,40.13665
9.97645,3.81163,38.68787
1.43305,6.44182,29.14517
8.43117,5.75369,40.83682
6.44591,6.15928,38.33796
7.83305,8.35177,47.47269
3.18511,9.60549,42.28200
9.25783,7.96412,49.90214
5.38589,2.79690,26.22057
7.65930,7.70571,45.51919
7.96325,9.55311,51.72999
6.63937,9.26036,47.71799
6.07191,3.26032,29.37664
1.57805,9.15562,37.79771
4.16843,7.31160,36.94561
7.23238,4.22869,34.21415
2.38208,1.47907,16.39553
2.19413,7.96244,34.92099
8.64964,8.16524,48.35760
7.94031,1.55356,27.94914
6.77182,2.43819,27.52276
4.56818,8.07518,40.57893
2.84363,6.13909,30.62312
5.11666,6.50505,36.33159
5.62723,7.94036,41.96544
4.48412,1.91442,22.12674
3.55785,9.44056,42.46775
8.63011,1.12334,27.49815
2.13586,8.28581,36.51356
9.98255,1.22631,30.74653
5.83556,3.55957,29.15424
2.59530,6.33224,30.83333
4.80785,7.58660,39.06378
6.39736,1.63431,24.35397
5.34284,6.41456,36.45971
7.95142,2.17399,28.94591
9.13618,6.37928,44.71549
6.60451,3.30307,29.73766
2.27914,5.12613,26.45326
6.19536,4.91244,33.88590
4.25184,3.34890,25.59777
1.99877,9.78899,40.74065
4.34282,1.83774,21.36689
9.66772,3.15294,35.61754
8.27001,2.05429,30.15800
5.30804,4.27899,30.59787
6.33991,1.61657,24.20687
9.00051,9.05097,51.82026
9.63811,3.35581,36.54948
4.71289,6.58771,36.01210
7.44424,2.07273,28.12460
2.17085,1.40043,15.08258
4.16523,2.69241,23.10942
8.78861,9.84064,54.04888
5.14450,5.07230,32.02328
2.30605,6.36436,30.96128
9.53697,5.84676,44.00670
9.63926,7.29732,48.38399
1.97092,6.87011,31.34268
7.24822,6.22194,40.45812
2.43678,3.25425,22.09396
1.71115,8.72337,36.40794
5.44201,3.95144,29.72627
4.80862,2.34277,23.76245
6.72670,2.99578,29.49675
9.92493,9.46075,55.53323
6.18237,3.72847,30.82944
7.90782,2.81147,30.96230
5.22591,3.98112,29.23781
9.71707,3.16399,36.33016
2.99195,1.65166,18.29632
4.52856,9.94114,45.61854
6.14693,9.26045,47.54687
4.74484,2.45936,24.25357
1.57492,4.26463,22.51254
9.71649,6.58953,45.95393
6.25642,8.33691,44.07894
5.40284,7.04948,38.55114
1.89822,7.15689,32.31884
8.07465,6.63412,43.18189
1.31584,5.22137,25.34639
9.22863,7.04892,46.20267
3.22655,2.12038,19.91949
9.21967,8.31844,50.76556
2.25520,7.48596,33.69466
2.06781,3.66385,22.54222
5.78817,9.84429,48.57923
2.05706,3.81540,22.54880
2.68913,8.15275,36.62515
8.20961,1.80922,28.50202
7.17341,7.69420,44.42814
7.55090,9.84001,51.49400
6.93148,1.35724,24.78012
6.38513,4.50484,32.91736
5.24464,9.45898,45.53967
6.79743,9.29335,48.06938
7.77399,2.76486,30.98402
6.83241,2.67138,28.36841
3.83833,6.04620,32.92288
4.49628,6.73188,35.80020
4.77161,7.77295,40.30451
3.85410,6.82637,34.78605
8.06618,8.85358,49.27161
7.88669,5.74913,40.26860
9.35749,8.27722,50.69124
6.39162,7.48499,42.49709
3.62731,4.41104,27.07002
4.91109,3.53249,27.39336
1.91051,7.52724,33.60967
3.91052,1.93012,20.23224
6.29620,1.59572,24.08403
8.05518,7.40329,45.80925
8.44342,6.93454,44.35142
7.40221,3.62459,32.85284
3.37569,8.05057,37.67140
9.97251,7.41978,49.26922
3.28596,4.21364,26.64597
9.79493,7.67916,49.27784
1.15089,5.97760,27.73456
2.84044,3.46346,23.51351
4.56971,5.75813,33.34118
8.34643,9.88349,53.76770
7.85111,2.25217,29.68667
8.11147,6.75937,43.08783
1.44097,4.67042,24.25333
2.69974,7.82127,36.19031
6.48925,6.60688,40.14512
5.48096,8.41752,43.31633
8.78267,2.62725,32.18489
7.84518,6.10870,41.06642
3.33251,4.38726,26.76882
6.75750,8.37066,45.36569
7.73175,5.39993,38.77835
1.35122,5.23975,25.51331
4.87760,4.43943,30.15164
3.72254,6.05797,33.07095
8.14702,9.88092,53.38570
9.20114,9.90953,54.83251
2.93158,6.49636,31.94731
9.57943,7.66686,48.67367
2.64014,1.61310,17.16932
8.40925,5.07508,38.74261
7.01698,9.21081,48.54192
9.75360,7.46314,48.59560
8.24814,2.75370,31.33003
3.17001,1.57934,17.65950
8.54802,1.98031,29.88319
3.47077,5.66032,31.19444
2.21313,6.94173,32.65898
6.70892,4.74986,34.67069
6.49064,4.09618,32.38341
2.36811,7.74735,34.50022
3.26793,8.49158,38.69909
1.77270,3.57931,21.45233
5.84533,6.52588,38.70833
3.48475,2.76738,21.92679
8.28387,4.48194,37.41242
5.34474,8.16107,42.00602
4.90251,2.73559,25.13178
7.46672,4.49161,35.03636
6.05857,4.83706,33.66970
8.32266,9.99309,53.12952
3.14302,5.02914,28.53097
1.66591,1.77746,16.12148
6.81635,8.54853,45.99689
8.91141,4.80001,39.72204
2.26962,7.31955,33.37456
6.10078,4.84680,33.84104
2.28342,9.89714,41.67941
4.00453,4.31550,28.17520
6.39905,9.26704,47.09996
9.71696,5.22342,42.59591
9.43279,8.87005,52.46852
8.96657,2.14921,31.06699
1.45245,2.86360,18.96874
7.04610,3.44225,31.42485
5.56686,8.04329,42.71413
2.17081,3.51988,22.11731
1.55085,7.42054,32.36803
2.94703,8.53192,38.69645
7.30805,8.11882,46.31696
4.83405,1.30312,20.85270
3.49961,2.38000,21.34126
3.01341,8.75172,38.91491
5.18541,6.03782,35.45193
6.82321,9.75134,50.33911
5.21178,9.24055,44.80314
8.64552,1.64845,29.14867
3.29281,8.74273,40.21814
8.08670,8.37897,48.11088
3.28981,4.20681,26.54544
3.76779,2.31202,21.23417
2.80409,9.80660,42.44346
8.30451,9.85074,53.42688
8.91326,1.73105,29.97260
4.19662,1.40157,19.97145
9.37544,7.33226,47.53587
6.86500,8.19543,45.13952
8.78866,9.99395,54.39139
5.56284,7.60732,41.22657
5.49067,1.29980,22.19692
6.36004,1.15005,23.14059
7.68848,7.85820,45.76190
3.56619,7.92444,38.09277
6.71953,8.67115,46.58012
9.97151,8.17316,51.30262
4.63368,7.80450,39.89401
7.22120,4.23888,34.44756
3.67709,1.96559,20.67531
3.30456,2.77369,21.95002
1.52816,3.70737,21.47411
8.56349,4.20714,37.15457
3.14681,8.39584,38.51179
3.27084,8.63933,39.56606
8.82337,6.60665,44.09445
4.67398,3.39405,26.60938
1.28916,5.60638,26.67859
7.17035,1.83104,26.38078
7.47310,9.10604,49.22181
9.14845,3.54023,35.66616
2.66976,8.30780,37.35388
9.67233,7.50810,48.71015
9.91118,7.36043,49.00781
5.54601,4.40382,30.88112
8.84201,4.44966,37.99281
8.33316,7.74862,47.38035
9.42355,5.84683,43.14639
9.17105,6.32993,44.65156
3.27637,2.05751,20.20129
4.63055,7.39498,38.79573
